map_id,org_id
0,26237925
1,26735271
2,26061626
3,26899198
4,26982740
5,27060302
6,27043918
7,27255679
8,27295954
9,26403325
10,27055189
11,26552172
12,26482533
13,27169962
14,27318656
15,27309217
16,27288509
17,27424556
18,27448608
19,27030641
20,27476861
21,27182335
22,27471959
23,27174148
24,27501142
25,27551912
26,27786388
27,27867325
28,27833906
29,27936808
30,26230196
31,27313961
32,27933862
33,27874398
34,27927478
35,27921614
36,27859013
37,27958730
38,28026383
39,28026562
40,28225116
41,27549205
42,27577674
43,27626675
44,27597195
45,27735030
46,27862094
47,27881651
48,27902326
49,27903364
50,27980462
51,27931285
52,28022914
53,27940152
54,27162936
55,28170606
56,27073293
57,28219072
58,27502097
59,27566410
60,27603507
61,27747810
62,27831793
63,27935017
64,27828811
65,27876642
66,27708900
67,27170255
68,27372292
69,26907700
70,27638521
71,27700512
72,26847058
73,27680425
74,27680380
75,27754372
76,27632016
77,27781333
78,27620869
79,26885041
80,27862730
81,27638291
82,27926401
83,27933244
84,27932985
85,27895414
86,26375658
87,27647041
88,27896505
89,27952561
90,27878125
91,28008738
92,28008717
93,28009341
94,27809983
95,27817979
96,27972358
97,27906175
98,27809916
99,27976761
100,28242563
101,28266519
102,28151895
103,26959306
104,28265354
105,27977240
106,28307136
107,28329178
108,28307219
109,28115331
110,28187339
111,28139748
112,28429945
113,28116756
114,28286199
115,28292000
116,27977843
117,28160116
118,28062085
119,28106041
120,28090896
121,28444457
122,28448702
123,28249347
124,28116909
125,28317434
126,27558462
127,27742331
128,27805163
129,27180078
130,27905025
131,27900723
132,27827701
133,27903436
134,27979961
135,28138062
136,28288998
137,28337355
138,28318010
139,28033336
140,28308590
141,28385656
142,27725514
143,27086438
144,27735854
145,28167929
146,28012921
147,28191640
148,28020423
149,28024632
150,28354101
151,28315189
152,27696259
153,27630445
154,27756396
155,27914915
156,27801213
157,27761318
158,27960906
159,27834588
160,28463225
161,27428349
162,27540910
163,27638454
164,27656364
165,27655600
166,27657350
167,26724802
168,27728597
169,27758101
170,27728627
171,27720625
172,27878468
173,27921051
174,27889120
175,27923582
176,27844502
177,27725855
178,27612932
179,27684869
180,27812941
181,27852561
182,27925520
183,27943966
184,28010249
185,28333329
186,28399959
187,28448416
188,25422694
189,26386876
190,26894820
191,27074807
192,27344012
193,27296421
194,27661298
195,27312195
196,27410688
197,27929105
198,27991806
199,27929455
200,27929174
201,27929418
202,27926448
203,27927051
204,27664890
205,27681957
206,27597272
207,27711757
208,27705461
209,27705591
210,27746823
211,27727743
212,27725482
213,27727715
214,27779355
215,27829673
216,27856151
217,27855556
218,27854742
219,27854996
220,27873294
221,27873327
222,27855836
223,27856283
224,27866987
225,27854480
226,27854612
227,27884946
228,27917167
229,27923194
230,27932737
231,27965107
232,27964198
233,27964257
234,28020008
235,28052371
236,28130591
237,28159295
238,28167305
239,28206583
240,28215424
241,28238247
242,28327792
243,28379963
244,28391041
245,28400063
246,28403319
247,27559484
248,28126791
249,28162729
250,28163027
251,28171742
252,28205904
253,28231789
254,28221308
255,28240316
256,28289406
257,28150219
258,28342313
259,28445962
260,28445994
261,28446113
262,28446192
263,28446027
264,28446057
265,28446153
266,28446083
267,28463988
268,28462574
269,28462583
270,25784463
271,25666563
272,26124798
273,26159477
274,26172551
275,26184387
276,26603270
277,26787552
278,27094352
279,27621464
280,27976315
281,27929063
282,27674541
283,27933118
284,27897574
285,27861919
286,27920570
287,27897530
288,28140290
289,28156212
290,28422669
291,28400858
292,28257762
293,27675730
294,27809301
295,27972502
296,27973800
297,27966238
298,27973858
299,28017908
300,27973865
301,27973875
302,27972525
303,27973835
304,27972668
305,28017778
306,27990891
307,28007518
308,27973848
309,27966247
310,28201302
311,28281830
312,28281845
313,28281803
314,28232279
315,28253724
316,28255985
317,28253786
318,28201508
319,28258001
320,28258075
321,28256828
322,28258199
323,28372467
324,28261014
325,28258474
326,28261900
327,28372398
328,28372430
329,27899948
330,27898764
331,27889923
332,27943254
333,27943449
334,27943483
335,27943411
336,27905276
337,27991965
338,27991212
339,27717871
340,27731272
341,27897151
342,27826844
343,28306321
344,28438401
345,28147087
346,28203592
347,28176118
348,28228956
349,28144926
350,28249881
351,28270317
352,28251095
353,28258872
354,28311543
355,27720085
356,27745754
357,27742931
358,27839501
359,27815742
360,27865077
361,27850088
362,27951196
363,27962856
364,27993845
365,27923494
366,28038591
367,27977685
368,27968689
369,28018471
370,27975517
371,28065790
372,28143652
373,28175056
374,28250994
375,28258639
376,28355794
377,28405599
378,28099015
379,27507589
380,27701892
381,27873901
382,27874075
383,27873543
384,27873934
385,27873614
386,27846381
387,27873476
388,28166381
389,28166349
390,28166370
391,28173346
392,28172406
393,28253652
394,28330873
395,28385579
396,28422677
397,25764290
398,26480419
399,26637268
400,26425601
401,26718669
402,26104110
403,27453207
404,27502146
405,27549826
406,27723417
407,27802567
408,27810940
409,27887645
410,28256636
411,28348841
412,27785951
413,27795195
414,27855736
415,27855639
416,26972592
417,27617172
418,27667207
419,27842015
420,27847455
421,27893550
422,27904950
423,27918173
424,27930727
425,27933786
426,27886424
427,27871174
428,27899620
429,27877610
430,27433467
431,27337773
432,28007396
433,27635859
434,27086467
435,27551694
436,27761856
437,27835088
438,27079885
439,27886709
440,27914058
441,27180508
442,27740855
443,27664401
444,27246534
445,27412429
446,27913353
447,27773211
448,27703104
449,27726352
450,27728539
451,27837106
452,27894658
453,27942724
454,27911599
455,27984582
456,27968120
457,27995269
458,27818176
459,27963524
460,28026356
461,28026527
462,27776846
463,28382467
464,28385101
465,28433628
466,28199885
467,28412813
468,28245708
469,28411427
470,28450492
471,28167748
472,28378352
473,27566520
474,27609282
475,27918800
476,28042757
477,28041436
478,28064714
479,28103464
480,28138793
481,28147099
482,27608188
483,27658436
484,27735414
485,27799615
486,27775499
487,27817201
488,27869626
489,27851158
490,28004383
491,28255680
492,28312936
493,28020142
494,28050574
495,28085387
496,28084940
497,28159264
498,28167347
499,28170324
500,28170197
501,28229175
502,28241299
503,28250586
504,28262350
505,28271306
506,28290120
507,28288344
508,28333892
509,28376671
510,28420749
511,28018439
512,28292159
513,28304471
514,28239659
515,28287248
516,28287348
517,27942417
518,28125020
519,27914012
520,27859582
521,27829832
522,28105264
523,28163242
524,28184914
525,28106320
526,28107922
527,28108023
528,28108088
529,28052970
530,28096686
531,28106453
532,28127709
533,28126599
534,28176884
535,28171077
536,28163468
537,27831607
538,27625454
539,27713202
540,28396673
541,28343455
542,28459432
543,28413871
544,27940670
545,27940654
546,27940604
547,27940613
548,28173503
549,28173665
550,28173028
551,28264882
552,28264803
553,28264821
554,28196187
555,28337790
556,28342332
557,28343374
558,28372943
559,28453807
560,28459079
561,28459120
562,28459380
563,27888271
564,27976285
565,27975342
566,27906589
567,27962103
568,27969101
569,28106346
570,28133231
571,28167009
572,28121212
573,28181673
574,28258798
575,28350213
576,28050461
577,27857227
578,27857333
579,27984533
580,27971170
581,27971481
582,27985361
583,27985091
584,28031379
585,28030300
586,28031254
587,28027261
588,28024925
589,28025115
590,28246518
591,28277674
592,28301425
593,28299189
594,28305557
595,28295640
596,28300888
597,28388131
598,28299058
599,28432889
600,27578608
601,27578611
602,27578621
603,27578637
604,27578643
605,27659221
606,27659218
607,27659238
608,27659249
609,27714353
610,27714360
611,27714389
612,27714379
613,27714409
614,27744359
615,27744247
616,27744213
617,27744272
618,27744312
619,27836562
620,27836397
621,27836466
622,27836453
623,27836496
624,27868147
625,27866253
626,27866260
627,27866270
628,27866281
629,27866292
630,27880336
631,27880326
632,27880356
633,27931742
634,27931754
635,27931761
636,27931772
637,27931793
638,27982353
639,27982335
640,27982328
641,27982309
642,28093141
643,28093166
644,28099857
645,28113619
646,28113602
647,28113639
648,28113623
649,28134897
650,28134902
651,28176894
652,28142474
653,28124074
654,28218237
655,27873509
656,27873716
657,27873967
658,27873759
659,27962683
660,28152236
661,28404961
662,28453072
663,28468385
664,28405040
665,28454813
666,28411441
667,27776189
668,27932321
669,28242332
670,28387264
671,28115211
672,28314490
673,28239551
674,27647191
675,28106120
676,27735633
677,27463071
678,28102288
679,28103388
680,28162035
681,28149366
682,28149354
683,28161907
684,28215678
685,28215681
686,28217664
687,28217615
688,28208491
689,28217591
690,28246310
691,28289091
692,28288884
693,28357734
694,28390342
695,28359018
696,28358965
697,28356578
698,27417674
699,27667958
700,27580791
701,27710708
702,28287657
703,28291113
704,28316858
705,27396013
706,27088837
707,28277317
708,27283392
709,27562972
710,27654288
711,27655633
712,27679264
713,27730770
714,27876769
715,27839587
716,27841288
717,27941048
718,27584530
719,27374816
720,27330098
721,27742948
722,27825708
723,27647154
724,27293360
725,27221935
726,27830594
727,27852623
728,27711673
729,26959376
730,27914634
731,27871447
732,27372196
733,27728553
734,27885290
735,28315981
736,28255779
737,28218615
738,27292842
739,27562506
740,27649588
741,27877884
742,28097207
743,28096009
744,28099601
745,28141834
746,28250512
747,28079176
748,27868909
749,27951913
750,28016422
751,27981998
752,27687485
753,27981771
754,28018811
755,28109319
756,28154292
757,27949654
758,28162736
759,28432597
760,28439012
761,28438994
762,28439080
763,28424614
764,28432707
765,28432778
766,27507718
767,27277142
768,27592709
769,26654213
770,27541818
771,27582217
772,27623886
773,27606603
774,27654242
775,27654319
776,27703233
777,27739142
778,27737365
779,27802100
780,27904353
781,27987741
782,28161599
783,28236602
784,28064582
785,28115866
786,28169550
787,28202217
788,28209890
789,28209633
790,28261023
791,28328909
792,28335844
793,27740272
794,27689494
795,27845336
796,27524861
797,27546133
798,27903112
799,27773512
800,27910294
801,27827042
802,27725911
803,27596912
804,28176206
805,28204226
806,28176222
807,28197899
808,28356458
809,27500380
810,27664980
811,27664490
812,27589919
813,27570258
814,27597291
815,27681940
816,27589932
817,27725654
818,27769313
819,27782681
820,27785927
821,27786948
822,27787173
823,27786987
824,27810500
825,27818405
826,27901786
827,27783715
828,28089726
829,28089561
830,28159272
831,28167419
832,28169075
833,28208162
834,28206723
835,28206698
836,28206817
837,28371511
838,28391168
839,27683663
840,27728807
841,27798928
842,27798240
843,27854494
844,27918962
845,28250207
846,27901100
847,27971756
848,28260269
849,28199109
850,28052562
851,28272616
852,28016579
853,28016774
854,28105864
855,28226094
856,28052484
857,28220246
858,28236366
859,28220266
860,28145734
861,27924536
862,27951569
863,27982176
864,27825474
865,28171585
866,27636133
867,27634187
868,28437651
869,27634054
870,27221196
871,28310028
872,28222697
873,26959052
874,27913656
875,27915059
876,26959117
877,27221817
878,27221505
879,26959177
880,27912428
881,26959215
882,27915593
883,27914287
884,27914208
885,27915354
886,26959437
887,27222372
888,27222186
889,28124972
890,27961063
891,27960755
892,27410612
893,27755426
894,27876434
895,27654023
896,27180191
897,27088856
898,28291130
899,28315256
900,28333042
901,28007404
902,28324621
903,28396215
904,27249456
905,28139882
906,27892668
907,28228360
908,28367964
909,27739316
910,27862439
911,27931564
912,28134079
913,28183682
914,28268886
915,28295280
916,28224775
917,28286466
918,28351905
919,28416033
920,28396134
921,28348679
922,28336339
923,28464403
924,28427028
925,28428921
926,28377267
927,28041470
928,28154662
929,27768883
930,28330645
931,28415732
932,28151675
933,27551300
934,27586936
935,27720112
936,27722646
937,27748457
938,27765526
939,27817839
940,27986987
941,27932138
942,27840933
943,27557430
944,10524382
945,12145744
946,15969814
947,15969932
948,16407683
949,16864492
950,16864552
951,16864588
952,16864636
953,16864678
954,17394774
955,17394803
956,17394976
957,17568814
958,17808150
959,17787550
960,17789167
961,18190593
962,19531111
963,21522189
964,21557548
965,24579185
966,24781666
967,24781796
968,25206138
969,25206172
970,25206197
971,25426297
972,25426575
973,25426905
974,25678755
975,25712707
976,25712748
977,25759605
978,25759769
979,25759846
980,25760195
981,25763255
982,25798979
983,25799132
984,25799282
985,25799614
986,25799795
987,25799928
988,26349280
989,26349467
990,26461641
991,26963586
992,26964399
993,26939026
994,27099379
995,27076373
996,27043160
997,27149925
998,27150433
999,27150488
1000,27150503
1001,27244534
1002,27150522
1003,27150566
1004,27150570
1005,27150639
1006,27150657
1007,27405726
1008,27083480
1009,26946889
1010,27565026
1011,27629422
1012,27629577
1013,27714996
1014,27715065
1015,27715081
1016,27678374
1017,27571813
1018,27715184
1019,27715288
1020,27715344
1021,27824805
1022,27809717
1023,27805700
1024,27596096
1025,27969860
1026,28391544
1027,28172179
1028,27803281
1029,28376165
1030,28386741
1031,28223527
1032,28251619
1033,28270534
1034,28290837
1035,28328253
1036,28156064
1037,28286648
1038,28355164
1039,28322804
1040,28370987
1041,28400862
1042,28434310
1043,28340405
1044,28172387
1045,28061995
1046,27920823
1047,27920867
1048,27813622
1049,27811642
1050,28256436
1051,28258152
1052,28261724
1053,28265171
1054,28265148
1055,28340394
1056,27541489
1057,28162786
1058,27523554
1059,27582898
1060,27615514
1061,27760258
1062,27806146
1063,27931338
1064,27983267
1065,27900763
1066,27162719
1067,28280196
1068,28312966
1069,28308368
1070,28010423
1071,28296824
1072,27185789
1073,27513445
1074,28196715
1075,28082478
1076,27830929
1077,28216479
1078,28249197
1079,28289344
1080,28377198
1081,28303813
1082,28359855
1083,27933799
1084,28173563
1085,27753708
1086,28394770
1087,27951483
1088,27886490
1089,27935866
1090,28229821
1091,28229747
1092,28428814
1093,28455847
1094,27784230
1095,28099313
1096,28163985
1097,28228603
1098,28419654
1099,27949038
1100,11025018
1101,11312541
1102,11419241
1103,11317039
1104,11435848
1105,11427670
1106,11448940
1107,11455901
1108,11468443
1109,11062030
1110,11482434
1111,11486657
1112,11482096
1113,11445053
1114,11518847
1115,11537074
1116,11487855
1117,11537006
1118,11535822
1119,11537032
1120,11540148
1121,11567960
1122,11569620
1123,11591271
1124,11587164
1125,11587120
1126,11631303
1127,11603335
1128,11639652
1129,11398114
1130,11674393
1131,11718772
1132,11722409
1133,11742134
1134,11722697
1135,11894186
1136,11742141
1137,11916435
1138,11804873
1139,11956186
1140,11789217
1141,11952469
1142,11916462
1143,12027289
1144,12160959
1145,12236712
1146,11986783
1147,12177154
1148,12251215
1149,12251149
1150,11852837
1151,12027313
1152,11916198
1153,11966948
1154,12754421
1155,12716755
1156,11417146
1157,13180719
1158,13267247
1159,11986736
1160,11916037
1161,11854991
1162,11894043
1163,12084588
1164,11855356
1165,11789285
1166,12920244
1167,12990172
1168,12740994
1169,12694574
1170,13389327
1171,13505596
1172,13447695
1173,13417026
1174,13602526
1175,13596721
1176,13723170
1177,13417430
1178,13422956
1179,13850861
1180,13750583
1181,13772627
1182,13600111
1183,14026108
1184,14026649
1185,14067938
1186,14092097
1187,14201546
1188,13927338
1189,13587387
1190,14324704
1191,14460281
1192,14392091
1193,14513635
1194,16078165
1195,22265464
1196,24014450
1197,28287214
1198,28287592
1199,28428988
1200,27260098
1201,27639425
1202,27656772
1203,27678355
1204,27717520
1205,27735966
1206,27780623
1207,27875348
1208,27861580
1209,27899091
1210,27697211
1211,27608237
1212,28324940
1213,27611539
1214,27730979
1215,27376381
1216,28301563
1217,28387306
1218,28424145
1219,27022989
1220,26150324
1221,27603582
1222,27726938
1223,27916137
1224,28041454
1225,28178706
1226,28169102
1227,28236310
1228,28166756
1229,28278786
1230,28188440
1231,28276003
1232,27952502
1233,28021875
1234,28081562
1235,28149714
1236,28184815
1237,28183044
1238,28172752
1239,28211054
1240,28239963
1241,28253966
1242,28261941
1243,28272899
1244,28225350
1245,28314045
1246,28305072
1247,28294564
1248,28312726
1249,28301200
1250,28281380
1251,28385395
1252,28193736
1253,28273350
1254,27931476
1255,27931515
1256,27981740
1257,28285075
1258,28284951
1259,28449260
1260,11822572
1261,17043201
1262,17134496
1263,17445339
1264,17071107
1265,19207741
1266,19305919
1267,17328942
1268,19206152
1269,19928808
1270,19966054
1271,20057533
1272,20273392
1273,20189722
1274,20654647
1275,21025833
1276,26005911
1277,26029179
1278,26039563
1279,24438975
1280,26861316
1281,26877500
1282,27478155
1283,27907593
1284,28419847
1285,27741052
1286,27735885
1287,27919639
1288,27988945
1289,28064007
1290,28055197
1291,28246919
1292,27653222
1293,27524338
1294,27554732
1295,27933647
1296,27965117
1297,28233268
1298,28260763
1299,27166626
1300,27327061
1301,27742055
1302,27743005
1303,27734431
1304,27915820
1305,27947342
1306,27993053
1307,27993335
1308,27988567
1309,27988602
1310,27988982
1311,28058978
1312,28273614
1313,28274233
1314,28344254
1315,28344340
1316,28360964
1317,27104867
1318,26664592
1319,26556498
1320,26485673
1321,26482475
1322,27026639
1323,27402575
1324,27418143
1325,26435594
1326,27297674
1327,27458323
1328,27144361
1329,27424779
1330,26892029
1331,27505182
1332,27413108
1333,27516201
1334,27550216
1335,27583994
1336,27673504
1337,27720720
1338,27326550
1339,27704533
1340,27181545
1341,28114519
1342,28354245
1343,27538283
1344,27566399
1345,27810615
1346,27851127
1347,27961122
1348,27971632
1349,27893675
1350,27807792
1351,28399852
1352,28231048
1353,27238754
1354,27906905
1355,27217803
1356,27870946
1357,28259555
1358,28421732
1359,27661065
1360,27808585
1361,28149078
1362,28106422
1363,28227638
1364,28105049
1365,27704397
1366,28106080
1367,27549866
1368,27659828
1369,27799683
1370,27787327
1371,27804591
1372,27930770
1373,27995239
1374,28015119
1375,27984605
1376,27555749
1377,28176142
1378,28380708
1379,28177512
1380,28407405
1381,28149416
1382,27333870
1383,27325819
1384,27333973
1385,27608733
1386,27609208
1387,27609331
1388,27608455
1389,27609427
1390,27607214
1391,27217646
1392,27237991
1393,27237946
1394,27787522
1395,27787682
1396,27825326
1397,27825456
1398,27787950
1399,27978897
1400,27902441
1401,27979212
1402,27979483
1403,27979667
1404,28227124
1405,27905233
1406,27979724
1407,28293405
1408,28273398
1409,27979066
1410,28293588
1411,27979915
1412,28227443
1413,27905280
1414,27976055
1415,27978479
1416,27978510
1417,27978552
1418,28017972
1419,28018322
1420,28018356
1421,28018493
1422,27545409
1423,28312528
1424,28464474
1425,27564211
1426,27564286
1427,27808000
1428,28105119
1429,26928041
1430,27070228
1431,27081956
1432,27081855
1433,27081743
1434,27082488
1435,27583088
1436,27583263
1437,27583223
1438,27583246
1439,27638433
1440,27934972
1441,27067264
1442,27994408
1443,27181360
1444,27948903
1445,27965762
1446,27985207
1447,27995369
1448,28002335
1449,28000307
1450,28131031
1451,28224791
1452,28278429
1453,28298038
1454,28224945
1455,27086471
1456,27502454
1457,27590913
1458,27590835
1459,27581001
1460,27590979
1461,27667666
1462,27636328
1463,27687499
1464,27734873
1465,27995139
1466,28011980
1467,27410429
1468,27246648
1469,27418943
1470,27419515
1471,27598213
1472,27832609
1473,27647355
1474,27832039
1475,28246558
1476,28299244
1477,28423716
1478,27174156
1479,28057671
1480,27960892
1481,28011306
1482,28292938
1483,28305513
1484,28305416
1485,28437048
1486,28133803
1487,28230800
1488,28051768
1489,28324790
1490,27648325
1491,28293860
1492,28338207
1493,28396775
1494,28436995
1495,28250020
1496,28227161
1497,28189936
1498,28216863
1499,27711152
1500,27712932
1501,27775814
1502,27914951
1503,27942051
1504,27914622
1505,28003004
1506,28052903
1507,28356654
1508,28181561
1509,28225681
1510,28235331
1511,28304619
1512,28412413
1513,27539371
1514,27663535
1515,27799817
1516,27800303
1517,27920122
1518,27911073
1519,27851279
1520,28176256
1521,28228757
1522,27736964
1523,27385734
1524,28189525
1525,27427402
1526,27923526
1527,27923468
1528,28415562
1529,28463922
1530,27987444
1531,28021461
1532,28014314
1533,28270778
1534,10026714
1535,10048257
1536,10053230
1537,10060439
1538,10041328
1539,10061030
1540,10090117
1541,10134030
1542,10175007
1543,10195133
1544,10194057
1545,10245623
1546,10209423
1547,10257864
1548,10263215
1549,10279427
1550,10305698
1551,10362155
1552,10393571
1553,10426914
1554,10457492
1555,10447077
1556,10472001
1557,10400853
1558,10494886
1559,10586871
1560,10611287
1561,10111368
1562,10619407
1563,10660926
1564,10635611
1565,10729047
1566,10714660
1567,10740457
1568,10796750
1569,10798520
1570,10783235
1571,10896436
1572,10905057
1573,10933221
1574,10916125
1575,10941101
1576,10958906
1577,10960406
1578,10967487
1579,10975209
1580,10990282
1581,11007508
1582,10985191
1583,10882770
1584,11037967
1585,11085357
1586,11086575
1587,11087305
1588,11090807
1589,11115247
1590,10970563
1591,11114465
1592,11141628
1593,11088591
1594,11148367
1595,11093085
1596,11133943
1597,11182345
1598,11194897
1599,11165909
1600,11219416
1601,11236319
1602,11254741
1603,11241411
1604,11311624
1605,11291085
1606,11303222
1607,11297304
1608,11142850
1609,11242968
1610,11433096
1611,11433771
1612,11441882
1613,11452631
1614,10973480
1615,10759742
1616,11531304
1617,11534455
1618,11572902
1619,11570354
1620,11637724
1621,11710906
1622,11713710
1623,11689590
1624,11570381
1625,11726708
1626,11772323
1627,11667455
1628,11874485
1629,11830270
1630,11898586
1631,11939403
1632,11969983
1633,11970364
1634,11967717
1635,11994874
1636,11991189
1637,11967776
1638,11980373
1639,11991726
1640,11992027
1641,11960904
1642,11980416
1643,11908517
1644,12031879
1645,12017808
1646,12013512
1647,12068264
1648,12012138
1649,12106756
1650,12091529
1651,12127900
1652,12357100
1653,12349025
1654,12433957
1655,12086005
1656,12569714
1657,11970529
1658,11109525
1659,12600907
1660,10769341
1661,12714852
1662,11176126
1663,13067541
1664,10783243
1665,13028325
1666,13407330
1667,13432877
1668,12086012
1669,13453998
1670,13778419
1671,14090834
1672,14216590
1673,14263091
1674,14350783
1675,14374301
1676,14461441
1677,14472983
1678,14871027
1679,14996053
1680,15011248
1681,14981438
1682,15733119
1683,15670724
1684,15721868
1685,15594888
1686,15584702
1687,15777018
1688,15789948
1689,15735183
1690,15756080
1691,15860011
1692,15851828
1693,15840383
1694,16099179
1695,16753471
1696,16809436
1697,16986356
1698,18114250
1699,18147977
1700,18317795
1701,18316946
1702,18889633
1703,19226456
1704,19363345
1705,19408100
1706,19532350
1707,19599176
1708,19656711
1709,20244689
1710,20124989
1711,20390278
1712,20395406
1713,20386058
1714,20385258
1715,20418467
1716,20521846
1717,20546512
1718,20259751
1719,20623875
1720,20713107
1721,20759060
1722,20798892
1723,20862497
1724,20963376
1725,20897525
1726,20858415
1727,20987304
1728,21034219
1729,21081482
1730,21080646
1731,21034160
1732,21192246
1733,21177762
1734,21102369
1735,21227238
1736,21164140
1737,21408564
1738,21402791
1739,21489588
1740,21437922
1741,21588070
1742,21614747
1743,21570632
1744,21503330
1745,21673410
1746,21492208
1747,21637704
1748,21670029
1749,21635635
1750,21719868
1751,21749161
1752,21842118
1753,21842532
1754,21852786
1755,21782215
1756,21851772
1757,21932117
1758,21939659
1759,22132850
1760,22041857
1761,22090705
1762,22294280
1763,22284938
1764,22361711
1765,22282274
1766,22289797
1767,22503326
1768,22491151
1769,22317531
1770,22604011
1771,22569572
1772,22645928
1773,22699643
1774,22666190
1775,22759666
1776,22791345
1777,22815759
1778,22863242
1779,22952273
1780,23082319
1781,23178301
1782,23174559
1783,23067679
1784,23254889
1785,23176104
1786,23255628
1787,23368369
1788,23384414
1789,23501805
1790,23721052
1791,23733539
1792,23797975
1793,23820533
1794,23868971
1795,23949494
1796,24008822
1797,24020446
1798,24131275
1799,24173712
1800,24331726
1801,24303819
1802,24299117
1803,24360676
1804,24423140
1805,24442071
1806,24434109
1807,24501070
1808,24473264
1809,24434131
1810,24514045
1811,24568774
1812,24640819
1813,24606699
1814,24576866
1815,24621327
1816,24689675
1817,24260202
1818,24747495
1819,24655435
1820,24770679
1821,24855088
1822,24896732
1823,24887260
1824,24973534
1825,24283532
1826,24985956
1827,25022702
1828,24994094
1829,25076781
1830,25009352
1831,25153564
1832,25148691
1833,25165511
1834,25211536
1835,25281760
1836,25224335
1837,25321096
1838,25302321
1839,25431363
1840,25300021
1841,25488705
1842,25482997
1843,25528744
1844,25564341
1845,25431908
1846,25609362
1847,25515978
1848,25594210
1849,25657405
1850,25590870
1851,25656949
1852,25710375
1853,25795621
1854,25848997
1855,25799327
1856,25871054
1857,25807368
1858,25874222
1859,25849075
1860,25841703
1861,25894082
1862,25935005
1863,25856264
1864,26013217
1865,26076952
1866,26087663
1867,26124452
1868,26130959
1869,26108521
1870,26103448
1871,26092589
1872,26129718
1873,26223635
1874,26248209
1875,26290335
1876,26259856
1877,26184318
1878,26289257
1879,26370692
1880,26397733
1881,26414347
1882,26411218
1883,26396316
1884,26577914
1885,26711275
1886,26719015
1887,26829367
1888,26851391
1889,26791052
1890,26829679
1891,26834624
1892,26829586
1893,26906636
1894,26908210
1895,26836770
1896,26908880
1897,26929533
1898,26919826
1899,26919955
1900,26917957
1901,26969185
1902,26984149
1903,26958621
1904,27053706
1905,27119764
1906,27137594
1907,27117014
1908,27188051
1909,27214842
1910,27187096
1911,27199942
1912,27238624
1913,27109121
1914,27252289
1915,27256571
1916,27288055
1917,27287942
1918,27288589
1919,27344291
1920,27373520
1921,27287987
1922,27387253
1923,27381211
1924,27439811
1925,27370731
1926,27512062
1927,27489566
1928,27519208
1929,27457382
1930,27547091
1931,27621480
1932,27645333
1933,27678031
1934,27754544
1935,27808467
1936,27799038
1937,27817048
1938,27852220
1939,27853790
1940,27863895
1941,27843885
1942,27857288
1943,27846516
1944,27851615
1945,27894737
1946,27847272
1947,27925865
1948,27932794
1949,27924726
1950,27932489
1951,27952458
1952,27979631
1953,28026325
1954,28169021
1955,28197393
1956,28272100
1957,28254408
1958,28306309
1959,27615918
1960,27692496
1961,27692529
1962,27692553
1963,27687682
1964,28141813
1965,27875630
1966,27493691
1967,27511614
1968,27528554
1969,27585369
1970,27758052
1971,27780566
1972,27955400
1973,27284945
1974,27821791
1975,27987899
1976,28162803
1977,28197708
1978,28183657
1979,28453999
1980,27783408
1981,27783578
1982,27808610
1983,27856357
1984,27890880
1985,27890626
1986,27978103
1987,27978037
1988,28106582
1989,28378188
1990,28314091
1991,28347331
1992,28354021
1993,27553512
1994,28120246
1995,28111430
1996,28119492
1997,27639009
1998,27691303
1999,28370446
2000,16810684
2001,17211419
2002,17635054
2003,17635298
2004,17619389
2005,17822425
2006,17829942
2007,17820432
2008,18131149
2009,17732614
2010,18112455
2011,18133008
2012,18110809
2013,18202381
2014,18140254
2015,18173585
2016,18108620
2017,18117424
2018,18182520
2019,17927274
2020,17860313
2021,17928011
2022,18080878
2023,18016812
2024,17910522
2025,18165398
2026,18088682
2027,18105713
2028,18059811
2029,18116453
2030,18063115
2031,18236393
2032,17894629
2033,17921965
2034,17871706
2035,17281606
2036,17870859
2037,18493412
2038,18665323
2039,18702682
2040,18665161
2041,17644407
2042,19519156
2043,19051132
2044,20627005
2045,21471118
2046,22405953
2047,27142539
2048,27149041
2049,27378345
2050,27465990
2051,27542513
2052,27704244
2053,27737777
2054,27950053
2055,27994863
2056,28053805
2057,27939229
2058,28203580
2059,28304752
2060,28007259
2061,28007360
2062,27565789
2063,27979132
2064,27972022
2065,27909151
2066,27909356
2067,27988008
2068,27997598
2069,28293554
2070,28293692
2071,28234219
2072,28233092
2073,28338449
2074,28395812
2075,28465812
2076,28423416
2077,27681149
2078,27845818
2079,27860842
2080,27963770
2081,28057701
2082,28438875
2083,28416790
2084,28438245
2085,27746706
2086,28166849
2087,28166937
2088,28251491
2089,28209012
2090,28225566
2091,27578553
2092,28163198
2093,27566447
2094,27748607
2095,27861895
2096,27646550
2097,27707736
2098,27656745
2099,26942223
2100,27603530
2101,27614493
2102,27987626
2103,28188983
2104,25274076
2105,27692939
2106,27912617
2107,27886772
2108,26963159
2109,27900820
2110,27906940
2111,28422057
2112,27821710
2113,27883529
2114,27562024
2115,10998874
2116,11036156
2117,11038111
2118,11062015
2119,11024685
2120,11017948
2121,11118265
2122,11117784
2123,11117173
2124,11129617
2125,11129635
2126,11130867
2127,11154973
2128,11156380
2129,11129646
2130,11129687
2131,11188065
2132,11180197
2133,11185262
2134,10979212
2135,11129727
2136,11216355
2137,11196938
2138,11246803
2139,11238828
2140,11219110
2141,11242045
2142,11246928
2143,11254894
2144,11265030
2145,11226163
2146,11234935
2147,11263375
2148,11221426
2149,11254863
2150,11284737
2151,11263384
2152,11188826
2153,11265532
2154,11288131
2155,11209990
2156,11255997
2157,11286127
2158,10953439
2159,11265149
2160,11297888
2161,11312426
2162,11283214
2163,11262611
2164,11296119
2165,11310072
2166,11307502
2167,11300252
2168,11285680
2169,11311547
2170,11326596
2171,11329129
2172,11330960
2173,11318470
2174,11306283
2175,11323700
2176,11306337
2177,11326706
2178,11318765
2179,11356532
2180,11367115
2181,11310726
2182,11333327
2183,11363125
2184,11329043
2185,11341889
2186,11323299
2187,11337161
2188,11367943
2189,11376018
2190,11377290
2191,11391734
2192,11337224
2193,11356680
2194,11357367
2195,11371035
2196,11360477
2197,11364730
2198,11337240
2199,11402607
2200,11343356
2201,11379559
2202,11336053
2203,11169092
2204,11256023
2205,11394241
2206,11402022
2207,11412327
2208,11391982
2209,11376458
2210,11434735
2211,11439578
2212,11381109
2213,11422850
2214,11408442
2215,11442438
2216,11423669
2217,10709160
2218,11458067
2219,11442500
2220,11411982
2221,11442580
2222,11427593
2223,11449044
2224,11442492
2225,11464534
2226,11468608
2227,11456636
2228,11491590
2229,11512060
2230,11512038
2231,11489489
2232,11489391
2233,11489414
2234,11488062
2235,11542954
2236,11537807
2237,11547235
2238,11573447
2239,11573391
2240,11577038
2241,11523165
2242,11541804
2243,11548082
2244,11537027
2245,11549287
2246,11540383
2247,11554679
2248,11531641
2249,11562333
2250,11441047
2251,11567992
2252,11560743
2253,11520573
2254,11566218
2255,11614212
2256,11600272
2257,11596026
2258,11598935
2259,11607445
2260,11613011
2261,11618171
2262,11682405
2263,11670475
2264,11454767
2265,11644437
2266,11688646
2267,11723794
2268,11723767
2269,11639606
2270,11612895
2271,11622767
2272,11740702
2273,11627907
2274,11676423
2275,11724836
2276,11674443
2277,11729889
2278,11786124
2279,11793002
2280,11804008
2281,11818535
2282,11834757
2283,11819300
2284,11803979
2285,11845060
2286,11844833
2287,11859241
2288,11859514
2289,11859297
2290,11851566
2291,11851829
2292,11748707
2293,11891592
2294,11821750
2295,11789172
2296,11391865
2297,11854954
2298,11864189
2299,11883225
2300,11888347
2301,11883984
2302,11960753
2303,11911568
2304,11921375
2305,11946881
2306,11921439
2307,11579073
2308,11149868
2309,11965902
2310,11888302
2311,11928273
2312,11990135
2313,11988173
2314,11963885
2315,11989356
2316,11990708
2317,12059678
2318,12058533
2319,11454793
2320,11454775
2321,12045103
2322,11881520
2323,12037968
2324,11952104
2325,11437000
2326,12050498
2327,12085825
2328,12041855
2329,12092093
2330,12114655
2331,11954058
2332,12114895
2333,12092594
2334,12071558
2335,12127953
2336,12147385
2337,12147401
2338,12146752
2339,12107718
2340,12056321
2341,12104504
2342,12178130
2343,12064210
2344,12169405
2345,11883823
2346,12159387
2347,12191572
2348,12081925
2349,12193459
2350,12193581
2351,12213813
2352,12223504
2353,12163153
2354,12140305
2355,12223516
2356,12081733
2357,12206516
2358,12221738
2359,12198129
2360,12168987
2361,12200161
2362,12218279
2363,12276007
2364,12276010
2365,12252380
2366,11919397
2367,12107847
2368,12259134
2369,12242544
2370,12255647
2371,11893365
2372,12296909
2373,12123152
2374,12237697
2375,12298712
2376,12274792
2377,11967144
2378,12288416
2379,12294351
2380,12300446
2381,12236253
2382,12300635
2383,12294532
2384,12301331
2385,12305953
2386,12064992
2387,11622725
2388,11965694
2389,12380248
2390,12333719
2391,12339390
2392,12348686
2393,12323823
2394,12355516
2395,12357548
2396,12257163
2397,12262070
2398,12360187
2399,12338243
2400,12374600
2401,12364196
2402,12429310
2403,12385638
2404,12401889
2405,12426344
2406,12428509
2407,12380275
2408,12432011
2409,12341680
2410,12409501
2411,12466233
2412,12466280
2413,12441091
2414,12466204
2415,12421172
2416,12500587
2417,12471557
2418,12555661
2419,12546000
2420,12545786
2421,12442785
2422,12523165
2423,12446143
2424,12465446
2425,12533857
2426,12588341
2427,12588330
2428,12578804
2429,12479086
2430,12555051
2431,12588327
2432,12546296
2433,12561499
2434,12608029
2435,11888289
2436,12005094
2437,12545936
2438,12630658
2439,12615844
2440,12484633
2441,12107650
2442,12546122
2443,12627292
2444,12504258
2445,12482312
2446,11782045
2447,12110546
2448,11788738
2449,12638585
2450,11725141
2451,12629434
2452,12630668
2453,12561337
2454,12658025
2455,12658124
2456,12672633
2457,12645754
2458,12680588
2459,12668272
2460,12669345
2461,12663801
2462,12677450
2463,11899385
2464,12141449
2465,12688338
2466,12680512
2467,12714723
2468,12712759
2469,12714805
2470,12722454
2471,12686652
2472,12741518
2473,12740135
2474,12731535
2475,12733518
2476,12409521
2477,12552308
2478,12700875
2479,12546042
2480,12712881
2481,12745993
2482,12759556
2483,12761180
2484,12787969
2485,12773966
2486,12811206
2487,12774343
2488,12774227
2489,12783316
2490,12768420
2491,12779302
2492,12564597
2493,12819194
2494,12829669
2495,12844498
2496,12839219
2497,12842611
2498,12878702
2499,12828898
2500,12891217
2501,12864494
2502,12811956
2503,12869232
2504,12876820
2505,12928370
2506,12795868
2507,12879356
2508,12840882
2509,12942375
2510,12946925
2511,13000238
2512,12964139
2513,12860075
2514,12990531
2515,12955984
2516,11408410
2517,12219006
2518,12107934
2519,12177054
2520,12828743
2521,12332361
2522,13022759
2523,12997287
2524,13010901
2525,12830367
2526,12806593
2527,13011016
2528,13037717
2529,12937039
2530,12899348
2531,12865780
2532,13044868
2533,12828623
2534,12683201
2535,12853258
2536,12915783
2537,13008863
2538,12991041
2539,13051722
2540,11987760
2541,12853274
2542,12691161
2543,12353145
2544,12802786
2545,12153188
2546,12236406
2547,12991150
2548,12828638
2549,13124698
2550,13117065
2551,13094054
2552,13033312
2553,13165304
2554,13063991
2555,13143111
2556,12751234
2557,13180212
2558,13187914
2559,13096790
2560,13202864
2561,13048397
2562,13048370
2563,13048329
2564,13048275
2565,12828607
2566,12092003
2567,13152380
2568,13217620
2569,13120581
2570,13120649
2571,13124517
2572,13124600
2573,13254955
2574,13236380
2575,12357198
2576,12673004
2577,13272697
2578,12291402
2579,12552196
2580,12165790
2581,12107734
2582,12395905
2583,12464439
2584,12239794
2585,12039976
2586,12140212
2587,12346393
2588,13191910
2589,13307658
2590,13120602
2591,13272722
2592,13192097
2593,12110634
2594,12881440
2595,12409514
2596,12318358
2597,12464490
2598,11855098
2599,12840844
2600,12561178
2601,12219336
2602,13028962
2603,12052927
2604,12300740
2605,13273208
2606,12171317
2607,12140254
2608,13274891
2609,12929057
2610,12545573
2611,13035901
2612,13336217
2613,13350160
2614,13006652
2615,13006793
2616,12990829
2617,12991982
2618,12566487
2619,12566320
2620,12992303
2621,13115503
2622,12741204
2623,12741051
2624,13035390
2625,13364651
2626,13365887
2627,13150633
2628,13375699
2629,13389675
2630,13028818
2631,12877893
2632,13388963
2633,12664139
2634,13307673
2635,13344761
2636,13337912
2637,13272776
2638,13375823
2639,13383286
2640,13401268
2641,13204492
2642,13362832
2643,13040130
2644,13077660
2645,13076556
2646,12465301
2647,13366900
2648,12811854
2649,12628192
2650,13367000
2651,12857019
2652,13366833
2653,13285203
2654,13438796
2655,13416437
2656,13442250
2657,13408134
2658,13402441
2659,13451724
2660,13379793
2661,13337998
2662,11986601
2663,12751287
2664,12401304
2665,13450274
2666,12915605
2667,12174347
2668,13090725
2669,12834658
2670,13464801
2671,13466330
2672,13328034
2673,13362780
2674,13409975
2675,13379823
2676,13366959
2677,13477743
2678,13328083
2679,13491857
2680,13389707
2681,13505687
2682,13447711
2683,13419193
2684,12314218
2685,13493993
2686,13389607
2687,13495466
2688,13419138
2689,13517801
2690,13572426
2691,13610927
2692,13538717
2693,13493631
2694,13285252
2695,13194298
2696,13400194
2697,13583655
2698,13594135
2699,13621849
2700,13642236
2701,12673014
2702,12378308
2703,12936998
2704,13400208
2705,13395592
2706,13530116
2707,13410137
2708,11376578
2709,13580233
2710,13667169
2711,13699413
2712,13730012
2713,13712691
2714,13684829
2715,13571009
2716,13510382
2717,13690114
2718,13569441
2719,13454494
2720,13650082
2721,13618620
2722,13757400
2723,13741263
2724,13495693
2725,13627031
2726,13544367
2727,13530107
2728,13714727
2729,13454772
2730,13379801
2731,13702464
2732,13756982
2733,13767863
2734,13787653
2735,13799379
2736,13768538
2737,13781853
2738,13685131
2739,13787723
2740,13569282
2741,13509368
2742,13742078
2743,13815948
2744,13818857
2745,13827944
2746,13809824
2747,13569133
2748,13800545
2749,13495927
2750,12219427
2751,13745190
2752,13774946
2753,13858562
2754,13835231
2755,13816548
2756,13835288
2757,13618839
2758,13820163
2759,13843658
2760,13874858
2761,13882256
2762,13863383
2763,13740311
2764,13740783
2765,13581363
2766,13581605
2767,13780749
2768,13780586
2769,13823291
2770,13833726
2771,13851828
2772,13419246
2773,13530252
2774,13618646
2775,13509426
2776,13410039
2777,13581557
2778,13618689
2779,13537728
2780,13509291
2781,13833078
2782,13833866
2783,13888450
2784,13876112
2785,13874794
2786,13849637
2787,13885385
2788,13770020
2789,13577684
2790,13901196
2791,13910730
2792,13883070
2793,13817062
2794,13875941
2795,13889231
2796,13745398
2797,13870226
2798,13870291
2799,13820270
2800,13923917
2801,13895667
2802,13931652
2803,13899582
2804,13826346
2805,13917633
2806,13692395
2807,13930062
2808,13930029
2809,13618737
2810,13936958
2811,13936481
2812,13746718
2813,13936646
2814,13934847
2815,13942660
2816,13961995
2817,13940771
2818,13907618
2819,13742043
2820,13972601
2821,13965352
2822,13973221
2823,13968168
2824,13955878
2825,13967432
2826,13910333
2827,13972458
2828,13972550
2829,13969376
2830,13816695
2831,13974693
2832,13967525
2833,13997348
2834,13968083
2835,13973136
2836,13985365
2837,13982226
2838,13974494
2839,13946190
2840,14010178
2841,13910482
2842,14001828
2843,13991507
2844,13953934
2845,14001811
2846,13959261
2847,13950944
2848,13991482
2849,13854287
2850,13953921
2851,13879058
2852,13954011
2853,13746805
2854,13915651
2855,13968098
2856,13980216
2857,14029322
2858,13993723
2859,13999687
2860,14035674
2861,13993934
2862,13993627
2863,14035714
2864,13876063
2865,14063750
2866,13762909
2867,14022118
2868,14074215
2869,14074556
2870,13910341
2871,14074242
2872,14046342
2873,13816717
2874,14030273
2875,14076954
2876,14046357
2877,14006680
2878,14043822
2879,14107961
2880,14118637
2881,14122687
2882,14122966
2883,14122465
2884,14122828
2885,14053891
2886,14071384
2887,14110026
2888,14122366
2889,14059007
2890,14030815
2891,14047839
2892,14090162
2893,14092251
2894,14129640
2895,14135671
2896,14135787
2897,14122759
2898,14110482
2899,14129129
2900,14072448
2901,14061399
2902,14073975
2903,14139888
2904,14139932
2905,14096952
2906,14001767
2907,14115845
2908,13919301
2909,14170398
2910,14170374
2911,14170723
2912,14170350
2913,14170736
2914,14080016
2915,14205757
2916,14205896
2917,14205770
2918,14205848
2919,14205802
2920,14212739
2921,14208736
2922,14072520
2923,14205353
2924,14180893
2925,14071368
2926,14111269
2927,14212807
2928,14204477
2929,14204551
2930,14204392
2931,14204583
2932,14204351
2933,14182342
2934,14188631
2935,14181891
2936,13984326
2937,14195840
2938,14205051
2939,14217453
2940,14218452
2941,14247110
2942,14242503
2943,14242640
2944,14242706
2945,14242728
2946,14247770
2947,14106100
2948,14279359
2949,14256308
2950,14205107
2951,14205112
2952,14285841
2953,14206958
2954,14285877
2955,14205338
2956,14280826
2957,14280773
2958,14140422
2959,14286412
2960,14234782
2961,14280933
2962,14308901
2963,14309462
2964,14279540
2965,14205346
2966,14279626
2967,14227533
2968,14309044
2969,14308998
2970,14309093
2971,14184765
2972,14314695
2973,14308936
2974,14292704
2975,14205218
2976,14205208
2977,14279558
2978,14281373
2979,14342542
2980,14342386
2981,14342325
2982,14342373
2983,14214614
2984,14346361
2985,14346322
2986,14342443
2987,14342500
2988,14205733
2989,14404897
2990,14404853
2991,14385539
2992,14385518
2993,14291415
2994,14394653
2995,14385553
2996,14385475
2997,14397096
2998,14402389
2999,14402470
3000,14411423
3001,14411540
3002,14410025
3003,14413720
3004,14410079
3005,14365630
3006,14410148
3007,14439421
3008,14410177
3009,14433749
3010,14348356
3011,14414227
3012,14414932
3013,14432555
3014,14421564
3015,14421681
3016,14362283
3017,14325022
3018,14432637
3019,14421785
3020,14421484
3021,14434504
3022,14411040
3023,14448378
3024,14448447
3025,14404812
3026,14368688
3027,14457529
3028,14457473
3029,14457454
3030,14350837
3031,14485612
3032,14494199
3033,14438723
3034,14490878
3035,14490890
3036,14450659
3037,14490928
3038,14430709
3039,14502039
3040,14525219
3041,14433726
3042,14433706
3043,14551231
3044,14551229
3045,14445041
3046,14518571
3047,14540834
3048,14518591
3049,14522880
3050,14427668
3051,14518641
3052,14518611
3053,14559177
3054,14559010
3055,14559008
3056,14558986
3057,14558997
3058,14558973
3059,14566334
3060,14558954
3061,14558938
3062,14589602
3063,14589610
3064,14599941
3065,14589588
3066,14589576
3067,14362346
3068,14620771
3069,14564802
3070,14612025
3071,14625809
3072,14625778
3073,14682947
3074,14634401
3075,14634444
3076,14634458
3077,14362373
3078,14721993
3079,14744259
3080,14714169
3081,14722332
3082,14715191
3083,14651823
3084,14722878
3085,14648834
3086,14652006
3087,14652281
3088,14671487
3089,14652402
3090,14722078
3091,14722020
3092,14722181
3093,14688663
3094,14546038
3095,14776735
3096,14625769
3097,14637436
3098,14803968
3099,14824337
3100,14824487
3101,14804061
3102,14818609
3103,14816002
3104,14799318
3105,14816331
3106,14816542
3107,14815904
3108,14818874
3109,14572895
3110,14836788
3111,14880273
3112,14880326
3113,14850094
3114,14880369
3115,14850766
3116,14850704
3117,14849965
3118,14880471
3119,14850146
3120,14850627
3121,14836969
3122,14868867
3123,14899433
3124,14913263
3125,14911090
3126,14912951
3127,14913076
3128,14899542
3129,14913004
3130,14913234
3131,14916159
3132,14916229
3133,14993015
3134,14999276
3135,14999820
3136,14992494
3137,14946689
3138,14993454
3139,14993283
3140,14946744
3141,14947329
3142,15047865
3143,15044450
3144,14920282
3145,15058502
3146,14797020
3147,15058548
3148,14929543
3149,14867207
3150,15066351
3151,15019258
3152,14956471
3153,15100961
3154,15101108
3155,15101048
3156,15079783
3157,15069097
3158,14941568
3159,15099180
3160,15099203
3161,15101339
3162,15101262
3163,15099242
3164,14865762
3165,15268789
3166,15079978
3167,15079710
3168,15070207
3169,15069398
3170,15258561
3171,15194696
3172,15172051
3173,15258692
3174,15103936
3175,14749789
3176,14749808
3177,15223558
3178,15222974
3179,15342235
3180,15223722
3181,15242359
3182,15342477
3183,15342482
3184,15377827
3185,15101486
3186,15304298
3187,15328126
3188,15352255
3189,15328347
3190,15314219
3191,15436576
3192,15443849
3193,15436754
3194,15406814
3195,15331648
3196,15404137
3197,15399809
3198,15399878
3199,15329682
3200,14749817
3201,15429484
3202,15429455
3203,15429567
3204,15419634
3205,15510339
3206,15405212
3207,15510432
3208,15510459
3209,15548245
3210,15548221
3211,15340009
3212,15595388
3213,15394584
3214,15595421
3215,15603139
3216,15597166
3217,15535425
3218,15613023
3219,15616727
3220,15563903
3221,15563758
3222,15615536
3223,15615551
3224,15615636
3225,15615730
3226,15615779
3227,15621156
3228,15583473
3229,15725851
3230,15712673
3231,15725896
3232,15678242
3233,15753318
3234,15725816
3235,15800588
3236,15580695
3237,15822390
3238,15822404
3239,15416393
3240,15972887
3241,15802731
3242,15957652
3243,15991280
3244,15885552
3245,15991359
3246,15812508
3247,15951962
3248,16031077
3249,15594382
3250,15993387
3251,15599375
3252,16072550
3253,16029432
3254,15930527
3255,15990750
3256,15921731
3257,16087068
3258,16022257
3259,15602980
3260,16102850
3261,15852383
3262,15955065
3263,15998382
3264,16130708
3265,16086597
3266,15578535
3267,16109500
3268,15862690
3269,16210898
3270,16210955
3271,16160891
3272,15955365
3273,15933832
3274,16211023
3275,16270380
3276,16211105
3277,16119760
3278,16205022
3279,16270686
3280,16270775
3281,16261828
3282,16323649
3283,16274986
3284,16296562
3285,16323201
3286,16296756
3287,16147446
3288,16353112
3289,16358638
3290,16316273
3291,16358492
3292,16353331
3293,16358686
3294,16370535
3295,16393588
3296,16358777
3297,16340950
3298,16335625
3299,16441588
3300,16370605
3301,16454968
3302,16434657
3303,16340999
3304,16395368
3305,16455316
3306,16456242
3307,16466004
3308,16473165
3309,16416344
3310,16402827
3311,16418409
3312,16295369
3313,16473288
3314,16529001
3315,16544918
3316,16544935
3317,16494692
3318,16522680
3319,16529880
3320,16560229
3321,16344529
3322,16588205
3323,16524654
3324,16588245
3325,16588265
3326,16461024
3327,16619143
3328,16622994
3329,16618138
3330,16547023
3331,16669389
3332,16671135
3333,16669437
3334,16669481
3335,16640119
3336,16547058
3337,16727757
3338,16687020
3339,16698257
3340,16687168
3341,16714873
3342,16752955
3343,16683295
3344,16794969
3345,16594132
3346,16812360
3347,16753664
3348,16721140
3349,16758283
3350,16758335
3351,16734106
3352,16700664
3353,16857640
3354,16797693
3355,16852880
3356,16797725
3357,16734115
3358,16945053
3359,16924063
3360,16865874
3361,16863314
3362,16815095
3363,16912855
3364,16815168
3365,16678378
3366,17031683
3367,16990046
3368,16824154
3369,16970447
3370,16969672
3371,16898019
3372,17007995
3373,17015526
3374,16898209
3375,17002751
3376,17034006
3377,17015611
3378,17035925
3379,17015664
3380,17034096
3381,17080396
3382,17028934
3383,17056268
3384,17056303
3385,17081481
3386,17061329
3387,17081576
3388,17081588
3389,17013787
3390,17092199
3391,17092215
3392,17104188
3393,17063114
3394,17123027
3395,17070439
3396,17088742
3397,17123060
3398,17122800
3399,17165682
3400,16734776
3401,17168650
3402,17098937
3403,17178405
3404,17037055
3405,17175092
3406,17202021
3407,17217737
3408,17223584
3409,17199764
3410,17210191
3411,17199814
3412,17037322
3413,17181126
3414,17070121
3415,17182878
3416,17195469
3417,17171799
3418,17171728
3419,17171609
3420,17196454
3421,17297088
3422,17297126
3423,17297178
3424,17297196
3425,17297240
3426,17297000
3427,17296820
3428,17244412
3429,17270875
3430,17244639
3431,17037483
3432,17245689
3433,17280532
3434,17182913
3435,17230341
3436,17320883
3437,17321604
3438,17244555
3439,17321682
3440,17271226
3441,17200876
3442,17266962
3443,17301829
3444,17325921
3445,17301815
3446,17285390
3447,17309290
3448,17356468
3449,17346198
3450,17360010
3451,17360147
3452,17321710
3453,17368575
3454,16812518
3455,17360221
3456,17360260
3457,17364046
3458,17394782
3459,17389710
3460,17389743
3461,17389757
3462,17391971
3463,17392015
3464,17201007
3465,17392035
3466,17420214
3467,17416517
3468,17428011
3469,17337172
3470,17337021
3471,17432945
3472,17301054
3473,17416481
3474,17313356
3475,17456744
3476,17452781
3477,17420653
3478,17504273
3479,17504326
3480,17424139
3481,17475408
3482,17475056
3483,17437908
3484,17201059
3485,17502897
3486,17445373
3487,17472609
3488,17452830
3489,17476951
3490,17520132
3491,17467913
3492,17545031
3493,17475359
3494,17547482
3495,17313693
3496,17542569
3497,17522684
3498,17514933
3499,16714378
3500,17618158
3501,17618712
3502,17541544
3503,17201083
3504,17313750
3505,17572819
3506,17622935
3507,17566066
3508,17622842
3509,17565990
3510,17652120
3511,17637392
3512,17453722
3513,17541560
3514,17679392
3515,17679463
3516,17708990
3517,17725054
3518,17755899
3519,17680689
3520,17744884
3521,17755251
3522,17662334
3523,17476110
3524,17445859
3525,17811184
3526,17648857
3527,17792963
3528,17792703
3529,17771308
3530,17812825
3531,17792714
3532,17799311
3533,17755313
3534,17792928
3535,17792970
3536,17476126
3537,17831376
3538,17530478
3539,17792462
3540,17834493
3541,17792565
3542,17860037
3543,17860087
3544,17709600
3545,17860362
3546,17844784
3547,17900645
3548,17845258
3549,17860561
3550,17919271
3551,17860653
3552,17792261
3553,17909832
3554,17953510
3555,17845862
3556,17953711
3557,17891853
3558,17940825
3559,17961953
3560,18007404
3561,17998158
3562,18013277
3563,17959056
3564,17845998
3565,18013345
3566,17945620
3567,18006869
3568,17989255
3569,18040173
3570,17932630
3571,18028847
3572,18007658
3573,18043165
3574,17216564
3575,18065590
3576,18064694
3577,18115344
3578,18110531
3579,18065698
3580,18028902
3581,18029414
3582,18102330
3583,18110571
3584,18147296
3585,18122143
3586,18102187
3587,18029435
3588,18116536
3589,18143312
3590,18172591
3591,18177812
3592,18118258
3593,18029997
3594,18177825
3595,18144061
3596,18173066
3597,18177866
3598,18175518
3599,18177998
3600,18243500
3601,18243515
3602,18243526
3603,18264469
3604,18219616
3605,18254881
3606,18282096
3607,18287437
3608,18254773
3609,18254202
3610,18144327
3611,18322815
3612,18264473
3613,18219626
3614,18333467
3615,18254813
3616,18366413
3617,18310528
3618,18348653
3619,18348860
3620,18304437
3621,18254948
3622,18381849
3623,18310616
3624,18398000
3625,18359574
3626,18367028
3627,18433720
3628,18331671
3629,18366023
3630,18454961
3631,18423822
3632,18415941
3633,18476401
3634,18480883
3635,18481941
3636,18492066
3637,18345867
3638,18450065
3639,18443958
3640,18495637
3641,18495706
3642,18474309
3643,18514197
3644,18510038
3645,18515692
3646,18513260
3647,18524460
3648,18345927
3649,18483277
3650,18435066
3651,18434900
3652,18516124
3653,18418826
3654,18532340
3655,18214602
3656,18567563
3657,18415622
3658,18602690
3659,18602811
3660,18545613
3661,18517225
3662,18603239
3663,18606846
3664,18535650
3665,18607328
3666,18582626
3667,18420835
3668,18509013
3669,18464247
3670,18607672
3671,18545780
3672,18647753
3673,18632567
3674,18623052
3675,18662797
3676,18627473
3677,18625927
3678,18662581
3679,18464306
3680,18608613
3681,18662035
3682,18662872
3683,18681214
3684,18680938
3685,18687772
3686,18724377
3687,18717006
3688,18419138
3689,18653241
3690,18738709
3691,18718587
3692,18750660
3693,18592580
3694,18729088
3695,18730013
3696,18784284
3697,18650797
3698,18786905
3699,18800935
3700,18822456
3701,18786587
3702,18786383
3703,18832250
3704,18831785
3705,18750648
3706,18886704
3707,18862048
3708,18786776
3709,18862166
3710,18680769
3711,18874418
3712,18862318
3713,18900540
3714,18832380
3715,18900081
3716,18925722
3717,18922012
3718,18913128
3719,18900801
3720,18856539
3721,18862447
3722,18924742
3723,18680985
3724,18869334
3725,18910054
3726,18945659
3727,18910298
3728,18903988
3729,18909972
3730,18924839
3731,18880726
3732,18910062
3733,18909922
3734,18986907
3735,19034131
3736,19046100
3737,19047135
3738,19038821
3739,19064838
3740,19022205
3741,18910302
3742,19015690
3743,18910231
3744,18924877
3745,19049866
3746,19058093
3747,19090934
3748,18974826
3749,19022181
3750,19140544
3751,19114066
3752,19114222
3753,19022338
3754,19113974
3755,18996430
3756,19153741
3757,18764709
3758,18764801
3759,19183052
3760,19100394
3761,19022430
3762,19163918
3763,18965931
3764,19162119
3765,19148869
3766,19139969
3767,19237447
3768,19022225
3769,19253509
3770,18661935
3771,19233968
3772,19171020
3773,19236965
3774,19214227
3775,19215356
3776,19029502
3777,18966108
3778,19143836
3779,18671119
3780,19190579
3781,19054033
3782,19243970
3783,19228368
3784,19254586
3785,19314746
3786,19319090
3787,18910160
3788,19321152
3789,19321659
3790,19325381
3791,19246631
3792,19192060
3793,19278374
3794,19186257
3795,19361962
3796,19333889
3797,19390890
3798,19383584
3799,19192203
3800,18268443
3801,18827938
3802,18655197
3803,19278211
3804,19400836
3805,19444853
3806,19423675
3807,19444903
3808,19437865
3809,19401270
3810,19323792
3811,19401383
3812,18607686
3813,19496395
3814,19493403
3815,19446194
3816,19472897
3817,19521772
3818,19475840
3819,19445342
3820,19390026
3821,19443265
3822,19515931
3823,19515988
3824,19516338
3825,19496471
3826,19400865
3827,19423470
3828,19516732
3829,19516751
3830,19497199
3831,19516792
3832,19473153
3833,19150080
3834,19531530
3835,19516833
3836,19433807
3837,19516902
3838,19531660
3839,19532098
3840,19390405
3841,19532234
3842,19345481
3843,19508175
3844,19531784
3845,19401524
3846,19532469
3847,19400890
3848,19530982
3849,19556549
3850,19589095
3851,19601998
3852,19642166
3853,19496518
3854,19400977
3855,19243082
3856,19610222
3857,19582593
3858,19324033
3859,18598738
3860,19728304
3861,19496590
3862,19657463
3863,19714254
3864,19657649
3865,19679445
3866,19691907
3867,19714321
3868,19657716
3869,19345923
3870,19619983
3871,19692036
3872,19565453
3873,19500438
3874,19690780
3875,19533775
3876,19690871
3877,19656887
3878,19186141
3879,19582728
3880,19619941
3881,19781146
3882,19813394
3883,19770512
3884,19657163
3885,19186167
3886,19620029
3887,19644300
3888,19500552
3889,19657377
3890,19907686
3891,19873550
3892,19801926
3893,19737528
3894,19620068
3895,19873951
3896,19874255
3897,19346063
3898,19885971
3899,19886886
3900,19907778
3901,19907890
3902,19620095
3903,19907948
3904,19981304
3905,19500603
3906,19401071
3907,19994808
3908,19929039
3909,19963704
3910,19962415
3911,19801949
3912,19969056
3913,19324175
3914,20001482
3915,19962526
3916,19643475
3917,20001751
3918,19998443
3919,19644186
3920,19500658
3921,18485975
3922,20010084
3923,19657547
3924,20001577
3925,20010229
3926,19801971
3927,19644498
3928,19346106
3929,19913722
3930,20001598
3931,20010341
3932,20041064
3933,20063506
3934,19500524
3935,20086021
3936,19884477
3937,20062588
3938,20043180
3939,20022782
3940,20095874
3941,20088138
3942,20023668
3943,20029700
3944,20145305
3945,20133789
3946,20141768
3947,20109494
3948,20033416
3949,20158265
3950,20108455
3951,20163104
3952,20109083
3953,20163168
3954,20108583
3955,20108801
3956,20095551
3957,20104110
3958,19324277
3959,20174697
3960,20023728
3961,20160325
3962,20029957
3963,20145610
3964,20033003
3965,20095667
3966,20141801
3967,20033454
3968,20231653
3969,20179894
3970,20179543
3971,20104132
3972,20101831
3973,20146504
3974,20022889
3975,20103631
3976,20023854
3977,20030077
3978,20033137
3979,20141843
3980,20283507
3981,20283228
3982,20033487
3983,20231561
3984,19214190
3985,20291385
3986,20242375
3987,20241960
3988,20095580
3989,20241831
3990,20104143
3991,19346146
3992,20244275
3993,20146693
3994,20242359
3995,20231581
3996,19478562
3997,20022922
3998,20095902
3999,20023936
4000,20298965
4001,20298553
4002,20030214
4003,20315631
4004,20033231
4005,20142638
4006,20095678
4007,20033526
4008,20298634
4009,20298544
4010,20095616
4011,20298762
4012,20329088
4013,20104168
4014,20300917
4015,20329150
4016,20146792
4017,20151607
4018,20023004
4019,20319427
4020,20107520
4021,20024007
4022,20030413
4023,20033292
4024,20142687
4025,20095682
4026,20033559
4027,20385945
4028,20385985
4029,20095639
4030,20274937
4031,20320438
4032,20386010
4033,20275184
4034,20390749
4035,18924763
4036,20379360
4037,20440402
4038,20291169
4039,20451251
4040,20392309
4041,20418402
4042,20415787
4043,20095644
4044,20274954
4045,20416936
4046,20418541
4047,20326539
4048,20417052
4049,20468872
4050,20275218
4051,20478846
4052,19204279
4053,20428898
4054,20262640
4055,20468327
4056,20291178
4057,20477031
4058,20484171
4059,20464271
4060,20275018
4061,20459208
4062,20326886
4063,20446835
4064,20477139
4065,20464978
4066,20275268
4067,20548228
4068,20291185
4069,20520096
4070,20446065
4071,20392081
4072,20275089
4073,20385437
4074,20520212
4075,20275306
4076,20581206
4077,20291192
4078,20573501
4079,20573625
4080,20275112
4081,20385657
4082,20573744
4083,20275350
4084,20565938
4085,20532948
4086,20606590
4087,20520834
4088,20645743
4089,20523173
4090,19478788
4091,20522330
4092,20583571
4093,20533056
4094,20628310
4095,20621682
4096,20631549
4097,20520984
4098,20522396
4099,20585447
4100,20533172
4101,20703346
4102,20672184
4103,20703433
4104,20521494
4105,20523404
4106,20689302
4107,20704451
4108,20522410
4109,20741486
4110,20741926
4111,20742284
4112,20702192
4113,20742334
4114,20681229
4115,20746991
4116,20773868
4117,20773889
4118,20773924
4119,20522461
4120,20585512
4121,20763809
4122,20832770
4123,20787699
4124,20807684
4125,20521545
4126,20747939
4127,20787831
4128,20769405
4129,20846169
4130,20770967
4131,20771042
4132,20846277
4133,20845685
4134,20846464
4135,20854153
4136,20846670
4137,20742493
4138,20747987
4139,20845844
4140,20847067
4141,20742559
4142,20742591
4143,20769425
4144,20911355
4145,20911558
4146,20919252
4147,20808952
4148,20769486
4149,20923033
4150,20900015
4151,20778753
4152,20871828
4153,20778833
4154,20922674
4155,20769444
4156,20900307
4157,20923229
4158,20967746
4159,20900370
4160,20909018
4161,20956627
4162,20923289
4163,20956769
4164,20956877
4165,20968105
4166,20957012
4167,20778778
4168,21027570
4169,20778864
4170,20957092
4171,20769456
4172,21010881
4173,20913963
4174,20913791
4175,21014767
4176,21011860
4177,20986880
4178,21012011
4179,20769492
4180,21014865
4181,20927984
4182,21012215
4183,21012252
4184,20762183
4185,20778784
4186,21014901
4187,21014943
4188,21038691
4189,21110148
4190,20769460
4191,21023636
4192,21074041
4193,20821703
4194,20822076
4195,21078842
4196,21078990
4197,21078944
4198,20769503
4199,20928020
4200,21079025
4201,21079066
4202,21071700
4203,21140051
4204,20778796
4205,20778879
4206,20790490
4207,21169102
4208,20769473
4209,20493960
4210,21014710
4211,20913975
4212,20913814
4213,21188060
4214,21023699
4215,20769511
4216,21017012
4217,21138025
4218,21201463
4219,20778819
4220,20778888
4221,21081407
4222,21250784
4223,21110841
4224,21092149
4225,21268015
4226,21081431
4227,21268977
4228,21138294
4229,21138341
4230,21230806
4231,21270856
4232,21296739
4233,21296642
4234,21286138
4235,21071752
4236,21310394
4237,21270924
4238,21280532
4239,21081370
4240,21271017
4241,21092187
4242,21303850
4243,21310750
4244,21330546
4245,21303769
4246,21081453
4247,21328207
4248,20913984
4249,20913839
4250,21296944
4251,21071834
4252,21297066
4253,21312297
4254,21303561
4255,21081397
4256,21092217
4257,21409831
4258,21391826
4259,21376454
4260,21397294
4261,21376724
4262,21338702
4263,21075608
4264,21326823
4265,21397564
4266,21391988
4267,21430359
4268,21488142
4269,20071837
4270,21504799
4271,21506838
4272,21488204
4273,21541718
4274,21404709
4275,21488229
4276,21532465
4277,21461498
4278,21519449
4279,21488260
4280,21519550
4281,21488284
4282,21488359
4283,21555481
4284,21550852
4285,21578699
4286,21555005
4287,21508879
4288,21578746
4289,21611368
4290,21611488
4291,21490963
4292,21611554
4293,21231162
4294,21611601
4295,21578900
4296,21447192
4297,21657642
4298,21578806
4299,21644367
4300,21644683
4301,21683047
4302,21638632
4303,21638728
4304,21644989
4305,21645102
4306,21545749
4307,21638829
4308,21304068
4309,21732252
4310,21724026
4311,21686599
4312,21726772
4313,21732278
4314,21697091
4315,21732336
4316,21732402
4317,21393492
4318,21649747
4319,21402239
4320,21704847
4321,21767472
4322,21765552
4323,21765913
4324,21767669
4325,21643969
4326,21513112
4327,21766022
4328,21640930
4329,21090685
4330,21806497
4331,21808785
4332,21303423
4333,21841921
4334,21808952
4335,21809039
4336,21809139
4337,21861445
4338,21841972
4339,21815046
4340,21776705
4341,20476536
4342,21829544
4343,21838577
4344,21882260
4345,21853309
4346,21880285
4347,21689436
4348,21880371
4349,21880583
4350,21871200
4351,21898478
4352,21880635
4353,21880712
4354,21933329
4355,21953392
4356,21953759
4357,21953822
4358,21953897
4359,21985187
4360,21952140
4361,21986221
4362,21987350
4363,21987481
4364,21987867
4365,21987617
4366,21978399
4367,22006029
4368,21988235
4369,22003464
4370,21976680
4371,22067596
4372,22031156
4373,22033100
4374,22033351
4375,22067777
4376,21973079
4377,22113799
4378,22102766
4379,22088583
4380,22088885
4381,22121813
4382,21931261
4383,22041806
4384,22088985
4385,22163824
4386,22159522
4387,22170295
4388,22198233
4389,22203658
4390,22198572
4391,22159984
4392,22160082
4393,21931365
4394,22063019
4395,22160193
4396,22171365
4397,22230379
4398,22178323
4399,22216119
4400,22240480
4401,22230538
4402,22190957
4403,22100066
4404,22218331
4405,22294204
4406,22273271
4407,22100176
4408,22273461
4409,22294373
4410,22294407
4411,22353878
4412,22294451
4413,22326879
4414,22326647
4415,22311497
4416,22362579
4417,22311606
4418,22311681
4419,22311755
4420,22311795
4421,22327013
4422,22311847
4423,22336841
4424,22087902
4425,22336881
4426,22336922
4427,22337056
4428,22337127
4429,22337184
4430,22374926
4431,22374968
4432,22225566
4433,22088319
4434,22448913
4435,22449098
4436,22088302
4437,22387270
4438,22449177
4439,22436090
4440,22434170
4441,22434986
4442,22364950
4443,22364991
4444,22619223
4445,22601452
4446,22649248
4447,22609635
4448,22649297
4449,22649372
4450,22436180
4451,22649422
4452,22661890
4453,22699468
4454,22668535
4455,22668855
4456,22348672
4457,21088912
4458,22668958
4459,22748821
4460,22732606
4461,22762562
4462,22762748
4463,22787645
4464,22787748
4465,22787674
4466,22762815
4467,22762836
4468,22782403
4469,22786547
4470,22795271
4471,22787808
4472,22627556
4473,22717334
4474,22787893
4475,22787442
4476,22769955
4477,22787925
4478,22788058
4479,22731586
4480,22692426
4481,22795307
4482,22568514
4483,22865986
4484,22858350
4485,22568910
4486,22858204
4487,22866119
4488,22870470
4489,22766524
4490,22821014
4491,22866162
4492,22866227
4493,22858325
4494,22866562
4495,22858392
4496,22568154
4497,22899448
4498,22932527
4499,22953092
4500,22914246
4501,22953883
4502,22953817
4503,22886649
4504,22970654
4505,22293289
4506,22967478
4507,22969596
4508,22901473
4509,23005167
4510,22979580
4511,23060386
4512,22926880
4513,23026027
4514,23025102
4515,22967497
4516,23073012
4517,23085269
4518,23073152
4519,22970776
4520,23085319
4521,23116226
4522,22968514
4523,23122999
4524,23122906
4525,23159902
4526,23149748
4527,23068603
4528,23149920
4529,22970831
4530,22969687
4531,22284176
4532,23192919
4533,23148947
4534,23165789
4535,23149210
4536,22749013
4537,23234611
4538,23233534
4539,23234488
4540,23234047
4541,23265684
4542,23257307
4543,23281006
4544,23148700
4545,21663143
4546,23270149
4547,23290645
4548,23372382
4549,23306402
4550,23370609
4551,23365318
4552,23372041
4553,23414361
4554,23429059
4555,23429245
4556,23372185
4557,23372164
4558,23419734
4559,23181844
4560,23471118
4561,23422318
4562,23485171
4563,22836544
4564,23436684
4565,23396853
4566,23364211
4567,23486086
4568,23494909
4569,23535778
4570,23471280
4571,23498267
4572,23496131
4573,23439121
4574,23543424
4575,23543495
4576,23510231
4577,23585319
4578,23609333
4579,23558011
4580,23458077
4581,23626586
4582,23510595
4583,23617541
4584,23646938
4585,23646963
4586,23641296
4587,23673770
4588,23662759
4589,23674848
4590,23698176
4591,23715588
4592,23710063
4593,23729283
4594,23685525
4595,23709601
4596,23736882
4597,23711106
4598,23727815
4599,23712774
4600,23727949
4601,23728240
4602,23803120
4603,23686437
4604,23791111
4605,23792529
4606,23686158
4607,23792611
4608,23758080
4609,23724496
4610,23792903
4611,23730114
4612,23730017
4613,23820856
4614,23866451
4615,23866557
4616,23866717
4617,23798370
4618,23906421
4619,23723815
4620,23942303
4621,23913823
4622,23942257
4623,23942393
4624,23899457
4625,23730294
4626,23773050
4627,23942432
4628,23730344
4629,23973736
4630,23944450
4631,23957620
4632,23839233
4633,23942508
4634,23974075
4635,23952438
4636,23974366
4637,24039518
4638,24039842
4639,23869251
4640,24046060
4641,23993048
4642,24090238
4643,24090270
4644,24090970
4645,24035788
4646,23906082
4647,24173036
4648,24023994
4649,24088823
4650,24173554
4651,24173440
4652,24173798
4653,24134319
4654,24227887
4655,24171399
4656,24172812
4657,24287264
4658,24152695
4659,24259695
4660,24236949
4661,24146278
4662,24325414
4663,24159579
4664,24320749
4665,24168230
4666,24270313
4667,24300932
4668,24399602
4669,24397677
4670,24340598
4671,24346008
4672,24437448
4673,24477371
4674,24472911
4675,24455667
4676,24548801
4677,24548735
4678,24485541
4679,24602132
4680,24608441
4681,24602254
4682,24613488
4683,24615371
4684,24531427
4685,24680309
4686,24660932
4687,24656271
4688,24675340
4689,24655004
4690,24754897
4691,24726244
4692,24758655
4693,24758056
4694,24302695
4695,24782605
4696,24671269
4697,24791284
4698,24791426
4699,24750680
4700,24678767
4701,24820876
4702,24857762
4703,24859575
4704,24841661
4705,24841868
4706,24823397
4707,24838039
4708,24872392
4709,24841770
4710,24821057
4711,24857203
4712,24890440
4713,24837493
4714,24872457
4715,24957434
4716,24957530
4717,24957364
4718,24873559
4719,24941444
4720,24951618
4721,24920069
4722,24989746
4723,24993881
4724,24924969
4725,24989985
4726,24989831
4727,24989892
4728,24988200
4729,24988084
4730,25042284
4731,25042359
4732,24955851
4733,25041541
4734,25083602
4735,25128061
4736,25100644
4737,25100593
4738,25119439
4739,24925549
4740,25127920
4741,25127667
4742,25127869
4743,25119609
4744,25178307
4745,24989913
4746,25198163
4747,25128756
4748,25154259
4749,25197972
4750,25060800
4751,25255416
4752,25255323
4753,25201947
4754,25274124
4755,25306121
4756,25290581
4757,25307779
4758,25307931
4759,25307818
4760,25457292
4761,25314468
4762,25457329
4763,25457404
4764,25483646
4765,25485225
4766,25488939
4767,25477587
4768,25521774
4769,25524941
4770,25434647
4771,25580682
4772,25580907
4773,25577921
4774,25728690
4775,25630447
4776,25630417
4777,25463639
4778,25449442
4779,25673278
4780,25694798
4781,25609676
4782,25694939
4783,25688899
4784,25713257
4785,25738189
4786,25738059
4787,25688597
4788,25716221
4789,25763811
4790,25738924
4791,25815199
4792,25785954
4793,25785936
4794,25819955
4795,25820184
4796,25853930
4797,25836563
4798,25836617
4799,25800632
4800,25880816
4801,25883110
4802,25883081
4803,25890388
4804,25819572
4805,25890224
4806,25882998
4807,25931049
4808,25916878
4809,25951590
4810,25930818
4811,25891018
4812,25930878
4813,25934745
4814,25930921
4815,25932688
4816,25890095
4817,25930588
4818,25931329
4819,25966563
4820,25958471
4821,25989205
4822,25995060
4823,25989257
4824,25986574
4825,25966657
4826,25966723
4827,25979319
4828,26026817
4829,26047680
4830,26054025
4831,26026725
4832,26077158
4833,26082703
4834,26093307
4835,26125430
4836,26087982
4837,26101822
4838,26079966
4839,26040876
4840,26040182
4841,26003611
4842,25986728
4843,26122259
4844,26160353
4845,26145987
4846,26163418
4847,26176973
4848,26159723
4849,26171146
4850,26180688
4851,26091738
4852,26150597
4853,26183730
4854,26218444
4855,26200943
4856,26205469
4857,26258844
4858,26280063
4859,26200955
4860,26171621
4861,26266405
4862,26287582
4863,26312769
4864,26328262
4865,26138279
4866,26230224
4867,26336122
4868,26323113
4869,26408008
4870,26370022
4871,26399504
4872,26396560
4873,26437180
4874,26452207
4875,26452992
4876,26508672
4877,26493294
4878,26493637
4879,26477876
4880,26530298
4881,26530276
4882,26544990
4883,26536974
4884,26570881
4885,26570955
4886,26570798
4887,26589575
4888,26538242
4889,26615556
4890,26643608
4891,26615443
4892,26612901
4893,26612854
4894,26676230
4895,26694961
4896,26613009
4897,26625666
4898,26717658
4899,26733359
4900,26701827
4901,26755882
4902,26764494
4903,26710103
4904,26748591
4905,26729075
4906,26778869
4907,26799886
4908,26799476
4909,26836848
4910,26737769
4911,26829288
4912,26864437
4913,26864407
4914,26778912
4915,26888720
4916,26462208
4917,26909472
4918,26909525
4919,26957866
4920,26938789
4921,26957674
4922,26967766
4923,26945481
4924,26950807
4925,26864416
4926,26962977
4927,26950812
4928,26963006
4929,26978759
4930,26986079
4931,26963084
4932,26963188
4933,27026919
4934,27029153
4935,27093224
4936,27096145
4937,27018772
4938,27115304
4939,26963311
4940,27115622
4941,26966145
4942,26963351
4943,27171959
4944,26980151
4945,27102273
4946,27115632
4947,26963348
4948,27155186
4949,27129500
4950,26980251
4951,27195263
4952,27201045
4953,27200982
4954,27142723
4955,27220669
4956,26980362
4957,27195553
4958,27197812
4959,27229859
4960,27282959
4961,26980451
4962,27295685
4963,27337893
4964,27355178
4965,27294474
4966,27388763
4967,27388035
4968,27314125
4969,27406677
4970,27443640
4971,27374221
4972,27450741
4973,27498674
4974,27450910
4975,27510048
4976,27395268
4977,27543580
4978,27601893
4979,27609347
4980,27608760
4981,27595555
4982,27645386
4983,27606328
4984,27689605
4985,27691792
4986,27707675
4987,27752373
4988,27710288
4989,27734177
4990,27722416
4991,27726667
4992,27756281
4993,27726771
4994,27726952
4995,27765140
4996,27769191
4997,27805278
4998,27805545
4999,27771155
5000,27756172
5001,27804969
5002,27077078
5003,27886728
5004,27889414
5005,27886041
5006,27952689
5007,27924288
5008,28039004
5009,28055523
5010,28045175
5011,27556192
5012,28083077
5013,28016468
5014,27684213
5015,27706782
5016,27706728
5017,27700957
5018,27860557
5019,27870927
5020,27850553
5021,27891985
5022,27897256
5023,27988523
5024,28005409
5025,27995555
5026,27974926
5027,27974354
5028,27982634
5029,28005087
5030,27892407
5031,28002159
5032,28209144
5033,28257536
5034,28261288
5035,28282086
5036,28411212
5037,28333495
5038,27879822
5039,27605836
5040,27605475
5041,27605429
5042,28172530
5043,28171059
5044,27784556
5045,27974467
5046,27975822
5047,27075746
5048,27703616
5049,27612984
5050,27996641
5051,28315127
5052,28386036
5053,16964831
5054,17231792
5055,17199755
5056,17497492
5057,18032218
5058,18422411
5059,18914572
5060,19270699
5061,19824866
5062,19979178
5063,19963812
5064,19946841
5065,19995831
5066,19837570
5067,19703846
5068,20092042
5069,20165658
5070,20165662
5071,19848184
5072,20198376
5073,20316365
5074,20317178
5075,20400014
5076,19998123
5077,20506216
5078,20429357
5079,20912812
5080,21145557
5081,21111406
5082,21295820
5083,21283828
5084,21313270
5085,21215954
5086,20874439
5087,20826387
5088,21558605
5089,21587764
5090,21628492
5091,21690067
5092,21670038
5093,21756683
5094,21655788
5095,21751148
5096,21808309
5097,21878755
5098,21551052
5099,21916507
5100,22002391
5101,21984760
5102,22073571
5103,22183236
5104,22330286
5105,22391160
5106,22576073
5107,22547253
5108,22582125
5109,21545792
5110,22335830
5111,22523697
5112,22451994
5113,22579289
5114,22654999
5115,21559364
5116,21820024
5117,22565853
5118,22678931
5119,22693316
5120,22597740
5121,22652132
5122,22661746
5123,22698037
5124,22533473
5125,22469704
5126,22728080
5127,22732330
5128,22768226
5129,22770595
5130,22665435
5131,22465909
5132,22747410
5133,22668521
5134,22773468
5135,22310976
5136,22839474
5137,22788677
5138,22781867
5139,22772129
5140,22718012
5141,22470073
5142,22466433
5143,22809162
5144,22836338
5145,22856361
5146,22902588
5147,22902810
5148,22800535
5149,22877239
5150,22932584
5151,22807475
5152,22937322
5153,22962129
5154,22312757
5155,22932727
5156,22983178
5157,22979787
5158,23011597
5159,22388388
5160,22558110
5161,22984870
5162,23040884
5163,23019426
5164,21023236
5165,23033996
5166,23039727
5167,23033909
5168,23023087
5169,23002151
5170,23084451
5171,23052494
5172,22925278
5173,23093836
5174,23060095
5175,23096037
5176,23094366
5177,23116321
5178,22717978
5179,22785786
5180,23155481
5181,23147444
5182,23139443
5183,23140438
5184,23160045
5185,23055179
5186,23147116
5187,23156039
5188,23197231
5189,23127572
5190,23196999
5191,23176798
5192,23157625
5193,23188087
5194,23171064
5195,23226146
5196,23250365
5197,23242224
5198,23251293
5199,23262944
5200,23252531
5201,23266351
5202,23248521
5203,23217893
5204,23321627
5205,23070640
5206,23276687
5207,23218913
5208,23308937
5209,23041234
5210,23306881
5211,23125484
5212,23130777
5213,23369443
5214,23369712
5215,23255216
5216,23353996
5217,23320502
5218,23350987
5219,23341816
5220,22831972
5221,22831691
5222,23255632
5223,23402659
5224,22925699
5225,23441634
5226,22216131
5227,22978936
5228,23054759
5229,22389256
5230,23394512
5231,23385897
5232,23373677
5233,23259603
5234,23044626
5235,23379629
5236,23489669
5237,23501814
5238,23395481
5239,23171238
5240,23527086
5241,23018309
5242,22989848
5243,23728388
5244,24005615
5245,23044578
5246,24229244
5247,24499666
5248,24602687
5249,25616584
5250,25678867
5251,25686365
5252,25623983
5253,25792142
5254,25727339
5255,25720159
5256,25877552
5257,25915848
5258,25916304
5259,25968233
5260,26024895
5261,26041234
5262,26059222
5263,26058450
5264,26090927
5265,26110681
5266,26084822
5267,26121177
5268,26475873
5269,26503106
5270,27442386
5271,27557720
5272,27723459
5273,27722612
5274,28029906
5275,28032964
5276,28025214
5277,28291636
5278,28308235
5279,28305929
5280,28292474
5281,28439076
5282,27964341
5283,28004511
5284,27616403
5285,28303292
5286,28300204
5287,28188672
5288,28062848
5289,27337746
5290,27091667
5291,27138690
5292,27411003
5293,27870378
5294,28105614
5295,28105654
5296,27774055
5297,27925385
5298,28224860
5299,28225052
5300,28450528
5301,28282656
5302,27757375
5303,27765427
5304,28019121
5305,28407668
5306,28407349
5307,28408786
5308,27687418
5309,27729143
5310,27776665
5311,27957259
5312,27957360
5313,27957622
5314,27957162
5315,28011939
5316,28011881
5317,28012004
5318,28026834
5319,28147417
5320,28104284
5321,28028310
5322,28222759
5323,27989737
5324,28004309
5325,28356094
5326,28049991
5327,27699335
5328,27083518
5329,27548707
5330,27043875
5331,27922385
5332,27907044
5333,28106022
5334,28106269
5335,28046295
5336,28195929
5337,28196120
5338,28196344
5339,28231524
5340,28198356
5341,28238908
5342,28199046
5343,28225319
5344,28164677
5345,28217775
5346,28456270
5347,27882733
5348,28277549
5349,28103390
5350,28283168
5351,28245162
5352,28296130
5353,28252639
5354,28271834
5355,27676032
5356,27860357
5357,27882751
5358,27948236
5359,26578004
5360,27867653
5361,27731989
5362,28169286
5363,28130758
5364,28051386
5365,28173699
5366,28265602
5367,27699618
5368,28026100
5369,28026220
5370,28025718
5371,28287449
5372,28287296
5373,28384764
5374,28386926
5375,27668258
5376,28022938
5377,28162711
5378,28290824
5379,28072577
5380,27746633
5381,28261872
5382,28300460
5383,28029520
5384,28060611
5385,28075485
5386,28111698
5387,28111764
5388,28470338
5389,27557762
5390,27748962
5391,27751586
5392,27960789
5393,28100693
5394,28016660
5395,28017009
5396,28017109
5397,28027203
5398,28272906
5399,28280123
5400,27539651
5401,27713987
5402,28176163
5403,28268961
5404,27158944
5405,27960686
5406,27812853
5407,27844437
5408,27950659
5409,27196286
5410,27886177
5411,27915845
5412,28008296
5413,27882422
5414,27951066
5415,28013887
5416,28015786
5417,27740516
5418,27768311
5419,27818389
5420,27996931
5421,27813724
5422,27962522
5423,27813764
5424,27813986
5425,28045290
5426,27627977
5427,28267172
5428,28019061
5429,28360508
5430,28105827
5431,27956927
5432,28406767
5433,28399288
5434,28149979
5435,28106230
5436,28222790
5437,28398711
5438,28025684
5439,28418630
5440,27923533
5441,27923476
5442,27923482
5443,28294967
5444,28294899
5445,28415223
5446,28294983
5447,28172290
5448,28242989
5449,28298138
5450,28414571
5451,28160470
5452,28387792
5453,28293138
5454,27194044
5455,28051052
5456,28005903
5457,28026344
5458,27910742
5459,27892297
5460,27748268
5461,27735483
5462,27780466
5463,27804782
5464,27814092
5465,27844676
5466,27844374
5467,27855241
5468,28141322
5469,28226193
5470,27635148
5471,28327545
5472,27375975
5473,28166589
5474,28025708
5475,28284667
5476,28266521
5477,28251820
5478,28024676
5479,28150132
5480,27334377
5481,27520540
5482,28178742
5483,28240360
5484,28465942
5485,28283817
5486,28295909
5487,28170294
5488,28413395
5489,28250296
5490,27602259
5491,28148925
5492,28150450
5493,27550342
5494,27741258
5495,27715247
5496,27733048
5497,27701029
5498,27766649
5499,27724119
5500,27794217
5501,27814381
5502,27834566
5503,27823756
5504,27892938
5505,27660420
5506,27977328
5507,27961589
5508,27992640
5509,27882212
5510,27943662
5511,27968928
5512,27888493
5513,28019949
5514,27667516
5515,27926763
5516,27890405
5517,27861295
5518,27861625
5519,28115479
5520,28138371
5521,27984110
5522,28009912
5523,28101320
5524,28205711
5525,28253192
5526,28145422
5527,28153581
5528,27731682
5529,27821757
5530,27979392
5531,28223822
5532,28224232
5533,28224275
5534,28225036
5535,28250436
5536,28342036
5537,27582435
5538,27673768
5539,27684594
5540,27731911
5541,27884078
5542,27968138
5543,27943674
5544,28247865
5545,28253837
5546,27651358
5547,27832346
5548,28299746
5549,27181561
5550,28070933
5551,27636565
5552,27729175
5553,27875414
5554,28174299
5555,27709640
5556,27072912
5557,28083405
5558,28269547
5559,27648257
5560,27665860
5561,28108590
5562,27515273
5563,27674494
5564,27981202
5565,27996668
5566,28024620
5567,28289895
5568,28015552
5569,27901422
5570,27596011
5571,28013842
5572,27632206
5573,27728704
5574,27728716
5575,28176176
5576,28176210
5577,28176184
5578,11304501
5579,11886106
5580,11749600
5581,11943268
5582,11521489
5583,11860718
5584,11433403
5585,11917488
5586,12522519
5587,12262057
5588,12520125
5589,12391567
5590,12878164
5591,12589520
5592,12909676
5593,13172278
5594,13188284
5595,13230483
5596,13226380
5597,13216846
5598,13248160
5599,13301882
5600,13290576
5601,13290547
5602,13313785
5603,13302139
5604,11615850
5605,13313205
5606,13194778
5607,13307581
5608,13269694
5609,13293507
5610,11402781
5611,13302041
5612,13362824
5613,13344973
5614,13333729
5615,13332082
5616,13372747
5617,13282540
5618,12449694
5619,13381179
5620,13387538
5621,13372841
5622,13383929
5623,13363371
5624,13363404
5625,13386551
5626,13386580
5627,13386602
5628,13418164
5629,13385183
5630,13431048
5631,13418214
5632,13386796
5633,13387796
5634,13362733
5635,13351247
5636,13443082
5637,13444065
5638,13443094
5639,13389743
5640,13389739
5641,13443046
5642,13444799
5643,13389572
5644,13418352
5645,13454549
5646,13434380
5647,13445006
5648,13470865
5649,13452191
5650,13465992
5651,13389640
5652,13451562
5653,13451538
5654,13483178
5655,13525435
5656,13447878
5657,13534860
5658,13524640
5659,13543125
5660,13389535
5661,13585348
5662,13570623
5663,13570614
5664,13570357
5665,13570506
5666,11917935
5667,13570592
5668,13411074
5669,13451472
5670,13429397
5671,13568157
5672,13570560
5673,13732026
5674,13765748
5675,13354506
5676,13724993
5677,13800370
5678,13559955
5679,13842214
5680,13686330
5681,13841230
5682,13874613
5683,13748804
5684,13904526
5685,13904565
5686,13913567
5687,13913874
5688,13944262
5689,13775769
5690,13888815
5691,13893307
5692,13953183
5693,13891623
5694,13948343
5695,13977881
5696,13958026
5697,13985881
5698,13950475
5699,13882703
5700,13882715
5701,13955884
5702,13851188
5703,13987524
5704,14037139
5705,13919680
5706,13973302
5707,13943164
5708,13926579
5709,13969322
5710,13919102
5711,14224875
5712,13854488
5713,13931754
5714,14398734
5715,14519754
5716,14380608
5717,14425772
5718,14553460
5719,14496332
5720,14543842
5721,14530467
5722,14429329
5723,14462091
5724,14428446
5725,14611447
5726,14629802
5727,14663003
5728,14575921
5729,14524311
5730,14655368
5731,14640111
5732,14531892
5733,14737380
5734,14818548
5735,14576868
5736,14818204
5737,14677133
5738,14622140
5739,14972613
5740,15037891
5741,14827638
5742,15075901
5743,15099037
5744,14988044
5745,14779370
5746,15203618
5747,14966729
5748,15080638
5749,15341998
5750,15269845
5751,15504499
5752,15543195
5753,15649641
5754,15705945
5755,15793192
5756,15842407
5757,15705978
5758,15577907
5759,15990532
5760,15788056
5761,14051154
5762,16151712
5763,16192003
5764,16072194
5765,16261018
5766,18434477
5767,19433343
5768,21033045
5769,23040088
5770,24063978
5771,27420639
5772,27296714
5773,27526448
5774,27740709
5775,27564743
5776,27618933
5777,27613860
5778,27712986
5779,27852040
5780,27760442
5781,27999584
5782,28030734
5783,27839607
5784,28282017
5785,26356705
5786,26692386
5787,26692452
5788,26272818
5789,26325646
5790,26677687
5791,27050348
5792,27084161
5793,27074942
5794,26677809
5795,27275937
5796,27104536
5797,27422667
5798,26833751
5799,27329078
5800,27211473
5801,26656626
5802,26854535
5803,27717715
5804,27831162
5805,28183742
5806,27978170
5807,27417854
5808,27912856
5809,13636246
5810,13869516
5811,13933786
5812,14109299
5813,14284842
5814,14367114
5815,14022406
5816,14578094
5817,14717397
5818,14639124
5819,15055132
5820,15109379
5821,15147340
5822,15591578
5823,15893842
5824,16130960
5825,16109592
5826,16236621
5827,16569836
5828,16553085
5829,16399750
5830,17425437
5831,17473776
5832,18240325
5833,18398305
5834,18397771
5835,18312870
5836,18625078
5837,18483509
5838,18767666
5839,18597011
5840,18209265
5841,19335897
5842,19531372
5843,19628117
5844,19403758
5845,25516633
5846,27164019
5847,28229389
5848,28169057
5849,28268282
5850,28219009
5851,27864221
5852,28436507
5853,28210833
5854,28210948
5855,28334979
5856,27607425
5857,27796527
5858,27782937
5859,28008497
5860,28183703
5861,28228947
5862,28228045
5863,28296637
5864,27730201
5865,27946829
5866,27959603
5867,28429518
5868,28470176
5869,27960047
5870,28028474
5871,28310693
5872,27962353
5873,28136940
5874,26222641
5875,26234785
5876,26233809
5877,26229402
5878,25293932
5879,26237382
5880,26355446
5881,26223157
5882,26757056
5883,26187559
5884,26080515
5885,26145789
5886,27305750
5887,27310849
5888,27352496
5889,27387370
5890,27434174
5891,27465312
5892,26758718
5893,27713924
5894,27833485
5895,27850237
5896,27930251
5897,27943874
5898,27851022
5899,27930786
5900,28311473
5901,27729601
5902,27720900
5903,27925994
5904,27875626
5905,28252827
5906,28285053
5907,28380475
5908,28422591
5909,28162339
5910,28205294
5911,25114535
5912,25114611
5913,25114645
5914,25703687
5915,25703693
5916,25703715
5917,25703701
5918,27448395
5919,27448417
5920,27516394
5921,27516481
5922,27548527
5923,27516610
5924,27548571
5925,27516858
5926,27516804
5927,27548558
5928,27516705
5929,27548498
5930,27516742
5931,27611596
5932,27611506
5933,27775122
5934,27775080
5935,27775157
5936,27775114
5937,28133586
5938,28055770
5939,27773346
5940,27959503
5941,27835908
5942,28219780
5943,28295637
5944,27066193
5945,27824049
5946,28232413
5947,27688174
5948,27803133
5949,27823023
5950,27914140
5951,27882478
5952,27720459
5953,27884469
5954,27972230
5955,28163642
5956,28313159
5957,27830218
5958,28140044
5959,28421099
5960,27322224
5961,27922949
5962,27952955
5963,28048767
5964,27938214
5965,27640164
5966,27623771
5967,27858530
5968,27876615
5969,27942548
5970,27981246
5971,28198106
5972,28280164
5973,28317325
5974,28296757
5975,28442184
5976,28449924
5977,28455938
5978,28456041
5979,28107948
5980,27857194
5981,27763110
5982,27765936
5983,28012619
5984,27559682
5985,27403963
5986,27774459
5987,27847083
5988,27923846
5989,27810929
5990,27971598
5991,28136462
5992,28173556
5993,28256482
5994,28289873
5995,27970054
5996,27970180
5997,27978607
5998,27645054
5999,27629129
6000,28010217
6001,28010299
6002,28012820
6003,27977558
6004,27977585
6005,28025409
6006,28014246
6007,28103897
6008,27717054
6009,28235708
6010,28261478
6011,27684177
6012,27759572
6013,27918278
6014,28395911
6015,15093576
6016,15297613
6017,15297779
6018,15625384
6019,15990337
6020,16301062
6021,15611274
6022,16301152
6023,16373838
6024,16679486
6025,16944981
6026,17039929
6027,16954922
6028,17118367
6029,15936316
6030,17060292
6031,17157016
6032,17060318
6033,17308651
6034,17208479
6035,17366505
6036,17422778
6037,17422782
6038,17553057
6039,17634460
6040,17572193
6041,17707790
6042,17542932
6043,17650743
6044,17811430
6045,17955499
6046,17955459
6047,17907433
6048,17955392
6049,17907421
6050,27940025
6051,27885653
6052,27420465
6053,27327892
6054,28020837
6055,27813008
6056,27624191
6057,27656134
6058,27656409
6059,27731596
6060,27885261
6061,27829164
6062,27829727
6063,27829452
6064,27741085
6065,27829308
6066,27623442
6067,27829650
6068,27623830
6069,27876571
6070,27876204
6071,27876291
6072,27876539
6073,27885701
6074,27885344
6075,27885557
6076,27886207
6077,27886086
6078,27886007
6079,27889713
6080,27889837
6081,27889649
6082,27890220
6083,27890357
6084,27891169
6085,27890963
6086,27890731
6087,27890805
6088,27969487
6089,27970221
6090,27970005
6091,27970319
6092,27970462
6093,27535737
6094,27535919
6095,27806055
6096,27843669
6097,27760319
6098,27879580
6099,27687988
6100,27900195
6101,27074847
6102,27776524
6103,27419524
6104,27881294
6105,27867825
6106,27988199
6107,27880450
6108,27807927
6109,27447333
6110,27422389
6111,27337819
6112,27901778
6113,27724226
6114,27710257
6115,28202288
6116,28139246
6117,27644968
6118,27884430
6119,27886730
6120,27884422
6121,28205475
6122,28243853
6123,28156751
6124,28154771
6125,28272993
6126,28018181
6127,27985073
6128,28234326
6129,18725540
6130,19014914
6131,19317165
6132,21788398
6133,22065156
6134,21440397
6135,21556070
6136,21185311
6137,21951456
6138,22162564
6139,22457778
6140,22515610
6141,21235974
6142,22328313
6143,22290319
6144,22236803
6145,22895175
6146,23220737
6147,23288697
6148,23108901
6149,23009640
6150,23478136
6151,23409844
6152,23460343
6153,23759321
6154,23119327
6155,23716839
6156,23462502
6157,23701654
6158,23619776
6159,23667612
6160,23689332
6161,23711773
6162,24009613
6163,24041997
6164,24051682
6165,24083028
6166,24089782
6167,23528315
6168,23176294
6169,24197983
6170,24114825
6171,23497178
6172,24026642
6173,24203077
6174,24121597
6175,24067965
6176,24478135
6177,24196913
6178,24771127
6179,24693954
6180,24610280
6181,24673397
6182,25070213
6183,25253155
6184,25238813
6185,24617051
6186,25866180
6187,26013781
6188,25982186
6189,26442983
6190,27093394
6191,27229484
6192,27375716
6193,27238534
6194,27464236
6195,27457240
6196,27424026
6197,27654301
6198,27324039
6199,27511397
6200,27087540
6201,27781412
6202,27642926
6203,27800622
6204,27781585
6205,27654221
6206,27868241
6207,27845007
6208,27676218
6209,27876897
6210,27848588
6211,27981020
6212,28168688
6213,27576182
6214,27640070
6215,27639502
6216,27664284
6217,27611625
6218,27685243
6219,27686001
6220,27687318
6221,27662321
6222,28235888
6223,28163882
6224,28193451
6225,27567765
6226,28286303
6227,28310292
6228,10005530
6229,10005523
6230,10042968
6231,10110863
6232,10189855
6233,10181840
6234,10271518
6235,10294072
6236,10718337
6237,11016794
6238,11072079
6239,11217018
6240,11355903
6241,11364900
6242,11424276
6243,11445928
6244,11446220
6245,10875436
6246,10132699
6247,11536048
6248,11546063
6249,10139995
6250,11575855
6251,12008000
6252,12212377
6253,12342717
6254,10147234
6255,12219837
6256,14406734
6257,14406906
6258,14588431
6259,14680602
6260,14726526
6261,14743013
6262,14654678
6263,14711249
6264,14626756
6265,14792612
6266,14804588
6267,14997363
6268,15028206
6269,15138940
6270,14300850
6271,15030315
6272,15406759
6273,15485270
6274,15644347
6275,15581708
6276,15616731
6277,15757396
6278,15725168
6279,15900518
6280,15900606
6281,15989112
6282,15808695
6283,15931688
6284,15931875
6285,16048520
6286,16063578
6287,16165402
6288,15639978
6289,16122737
6290,16578267
6291,16796413
6292,16784507
6293,16808368
6294,15446945
6295,15378591
6296,16321118
6297,17216650
6298,17062600
6299,17293333
6300,17153438
6301,17648870
6302,18237719
6303,18193542
6304,17943617
6305,18265715
6306,18254264
6307,18414530
6308,18681059
6309,18238017
6310,18498527
6311,18592787
6312,18743764
6313,18835543
6314,18913564
6315,18968482
6316,19164659
6317,19166995
6318,19425264
6319,18743342
6320,18172480
6321,19525126
6322,19807432
6323,19999219
6324,18623563
6325,20058195
6326,19734573
6327,20096295
6328,20181875
6329,20155761
6330,20482915
6331,20683656
6332,20686737
6333,20900113
6334,20968859
6335,21831550
6336,22529941
6337,22678594
6338,22565899
6339,24163680
6340,23107231
6341,24294035
6342,24825164
6343,24803285
6344,24911296
6345,25098419
6346,24573578
6347,25440936
6348,25497102
6349,24863139
6350,25729543
6351,25941768
6352,25744036
6353,26154011
6354,26346026
6355,26234967
6356,26816469
6357,26651977
6358,26112599
6359,27048050
6360,27353107
6361,27631536
6362,26478129
6363,27766201
6364,27271188
6365,27340178
6366,27547730
6367,27612100
6368,27726177
6369,27729113
6370,27787416
6371,27854959
6372,27855430
6373,27976420
6374,27687708
6375,27976504
6376,27899929
6377,27995660
6378,27868198
6379,28017628
6380,27735907
6381,27367254
6382,27822770
6383,27975695
6384,27871134
6385,27089942
6386,28011690
6387,27809196
6388,28019319
6389,27627183
6390,27925080
6391,28162662
6392,28174048
6393,28173749
6394,27925031
6395,27994185
6396,27945680
6397,28173590
6398,28132117
6399,28147373
6400,27934000
6401,27773481
6402,28147427
6403,28147437
6404,28431763
6405,28172394
6406,28173704
6407,28020849
6408,27996775
6409,28173774
6410,28227426
6411,27825987
6412,27869980
6413,27870175
6414,27879898
6415,27927415
6416,27824008
6417,27808052
6418,28203552
6419,28219839
6420,28258898
6421,26506006
6422,26120298
6423,27943729
6424,27067602
6425,27876477
6426,27925717
6427,27700726
6428,27743511
6429,28164886
6430,28248949
6431,28278152
6432,28282813
6433,28276850
6434,28295897
6435,28164864
6436,27758007
6437,28003227
6438,27648338
6439,27773105
6440,28314566
6441,28105197
6442,28108044
6443,27626652
6444,27873164
6445,27924764
6446,27843475
6447,27533119
6448,27619831
6449,27900328
6450,28038627
6451,28012193
6452,28012394
6453,28012205
6454,28012215
6455,28012229
6456,28012236
6457,28089844
6458,28252154
6459,27237452
6460,27663677
6461,27982361
6462,27982340
6463,27982313
6464,27982296
6465,28015097
6466,27965425
6467,28015104
6468,28015508
6469,28015145
6470,27964439
6471,28195258
6472,27948792
6473,27911636
6474,27696948
6475,27658822
6476,27653950
6477,27632493
6478,27847990
6479,27848202
6480,27965863
6481,27969799
6482,27898882
6483,27970795
6484,28049388
6485,28247136
6486,19552005
6487,19669465
6488,19146204
6489,19876512
6490,19476654
6491,20938506
6492,20695755
6493,21307463
6494,21486605
6495,20804743
6496,20769824
6497,21664427
6498,21355786
6499,21447979
6500,22498220
6501,21654695
6502,22378247
6503,23905672
6504,26717385
6505,26660681
6506,26659073
6507,26831818
6508,26558081
6509,26443489
6510,26578276
6511,26559300
6512,27143134
6513,27482390
6514,27400775
6515,27775255
6516,16770746
6517,16947523
6518,17083112
6519,16871246
6520,20925398
6521,20849370
6522,20876453
6523,20807599
6524,27153768
6525,27363341
6526,28051862
6527,28162145
6528,27899273
6529,28132149
6530,28050378
6531,15625478
6532,16847947
6533,15697911
6534,15823829
6535,19297175
6536,17890526
6537,19910723
6538,19797466
6539,19922376
6540,19927529
6541,19785147
6542,19715004
6543,19705508
6544,20050295
6545,20035079
6546,18372828
6547,20015278
6548,19908799
6549,19908969
6550,19908999
6551,19852058
6552,19761159
6553,19876527
6554,26394295
6555,26269951
6556,26451894
6557,26078837
6558,26427245
6559,27416535
6560,27416426
6561,26478782
6562,27873243
6563,27842737
6564,27912580
6565,27909052
6566,27918156
6567,27906670
6568,27938638
6569,27958544
6570,27959466
6571,28024182
6572,27542202
6573,27671443
6574,27626205
6575,27979127
6576,27921017
6577,27949001
6578,27966206
6579,27965302
6580,28004926
6581,28005000
6582,27831419
6583,27890242
6584,27903469
6585,27984297
6586,27985464
6587,27984868
6588,27980418
6589,28106652
6590,28219354
6591,28220030
6592,28219705
6593,28220869
6594,28226399
6595,28225870
6596,28236708
6597,28236104
6598,28260488
6599,28292923
6600,28338527
6601,27919160
6602,20747687
6603,20855221
6604,20747706
6605,20705461
6606,20784062
6607,20933913
6608,20755012
6609,21648432
6610,22505012
6611,22786510
6612,23026783
6613,23717029
6614,24134081
6615,24262653
6616,24233807
6617,25425937
6618,26896513
6619,28163031
6620,27644624
6621,28323969
6622,28123038
6623,27884006
6624,27844406
6625,27820761
6626,27870766
6627,27693526
6628,27534455
6629,27663102
6630,27484419
6631,27635257
6632,27877069
6633,28013031
6634,28270195
6635,28202697
6636,28286021
6637,28295941
6638,27704670
6639,27799046
6640,27687950
6641,28237524
6642,28310750
6643,27957818
6644,27964274
6645,27828894
6646,27921435
6647,27882169
6648,28241092
6649,28398157
6650,27666918
6651,27981923
6652,27982162
6653,27982117
6654,27981854
6655,27989628
6656,27671585
6657,27544344
6658,27657515
6659,27678296
6660,27678210
6661,27814516
6662,27901831
6663,27902405
6664,27901593
6665,27901584
6666,28001913
6667,27959979
6668,27937384
6669,28072533
6670,28172764
